d 50 50
-80 73 16 21 -80 41 51 -57 -63 76 37 83 -30 34 -48 98 -38 29 -82 42 -60 -94 89 42 60 -9 -12 55 79 -77 -3 -42 82 11 -4 19 -18 6 -98 -97 71 79 11 -7 -47 88 40 -51 -66 26 
-75 -79 86 -30 -55 0 -95 11 -54 33 -52 66 3 44 -58 25 -72 -81 -41 24 -51 82 -35 56 38 84 37 90 18 73 -23 -70 -46 -20 24 -12 0 63 -62 -72 45 35 -14 88 11 37 72 -61 10 -23 
-76 83 4 37 31 -65 34 83 35 86 34 43 -34 12 63 -39 -70 51 80 -40 64 -61 -52 -66 -59 -31 -27 6 93 53 55 26 -24 87 34 68 46 -95 -57 -29 -38 54 28 67 -91 -27 -54 -12 -41 -78 
24 -63 -90 48 -32 -27 -26 45 52 38 29 -61 86 -42 3 32 57 -54 45 96 77 92 63 1 -65 96 -10 90 4 -94 58 67 -81 2 -76 -28 -27 97 -40 -63 -86 35 62 -11 41 84 10 67 27 4 
-96 -75 27 -95 -20 94 -27 -25 6 63 61 -78 -34 -39 -38 -81 67 -23 -41 89 48 -57 -7 -11 34 -88 -54 85 36 -22 81 -71 76 -11 -5 -74 -45 11 -88 11 -32 16 -67 -79 -76 72 65 -65 13 97 
-98 -6 -84 -24 90 5 4 10 66 -84 61 70 35 -19 -76 -53 79 45 92 95 -83 -95 -16 -6 -40 -9 -82 52 16 78 -91 -25 74 -20 -30 -31 -39 -97 -59 -24 -31 58 -90 92 72 -58 76 -38 -76 -44 
77 66 -32 0 -65 -65 -95 -65 -84 89 -66 -75 -56 -94 -74 -22 -46 -28 90 -34 0 67 31 -5 -99 -82 -42 98 93 4 81 -1 20 16 52 69 -80 5 93 86 -80 47 16 -56 24 0 -45 -48 90 83 
-88 67 -59 9 56 90 -47 82 47 25 -22 20 -48 79 73 -35 -49 72 -21 54 32 7 -64 -82 -1 82 -68 20 -75 -45 -52 24 65 -47 -4 0 -29 3 99 3 -40 -64 47 -30 43 -21 -22 89 67 96 
-91 -12 62 87 -61 -98 -55 -56 48 -14 76 11 -80 65 -69 73 2 -5 -15 -88 53 28 -3 -10 -95 -71 95 8 -19 -55 77 -18 -59 -31 90 26 -26 51 2 25 25 10 -9 -12 -64 -95 87 -85 90 -83 
74 38 10 -21 30 21 -66 63 44 10 77 23 25 -43 -81 -21 -30 -65 39 -79 84 -74 94 4 -64 76 2 72 53 42 12 -28 -94 -44 -21 3 -18 -6 -95 63 -78 -28 23 20 -1 38 35 -43 -68 98 
-83 57 -19 -22 7 76 69 -2 -43 26 44 -34 45 -45 65 19 -50 60 14 -41 -89 41 -83 63 70 -47 -2 36 -22 -81 -99 68 -35 -63 -73 -46 41 -82 -57 -12 -54 39 18 4 36 58 70 14 13 86 
-45 80 -90 98 68 -50 86 -60 64 24 -89 57 -63 -87 -19 -69 96 6 27 -10 -70 -89 32 75 45 76 -91 9 58 39 -96 81 2 -55 81 64 -72 -22 87 91 99 26 -9 15 -44 84 -76 -7 -44 57 
33 -4 -31 -26 -65 98 42 -7 -79 -32 -30 -22 -34 -83 -10 17 -79 -8 -79 42 -50 36 -52 -35 8 41 1 -14 -22 -91 21 64 -16 45 46 -71 59 -72 61 68 -21 67 87 -68 83 -66 -78 -72 -72 -78 
15 -45 -66 37 62 17 -32 -73 -23 -98 -84 54 1 90 15 -93 79 -74 9 33 -82 -47 -93 -58 0 -79 35 64 -47 -33 20 19 82 53 -88 65 59 -45 79 13 -67 57 -15 -93 -66 76 -98 -49 -67 14 
44 -91 84 -49 77 -47 20 64 -17 60 72 10 85 -35 -63 47 -22 -29 29 55 -96 83 11 -41 -19 70 90 -79 -18 -6 -64 -88 48 37 32 -10 -18 32 -22 -86 -22 28 -5 84 -95 22 -98 -6 -26 97 
26 24 -93 38 67 -89 65 66 -74 -62 57 -78 -40 14 42 -21 -78 67 -27 -76 31 66 56 -23 -18 -62 -50 -32 -65 85 0 98 64 -5 -48 -68 11 54 -36 -77 29 -49 46 -95 72 88 -19 16 -62 42 
43 7 -69 49 -83 -32 -39 43 -56 -15 -11 -83 27 -6 43 0 40 -98 41 91 94 -67 65 39 -78 18 45 91 29 41 0 98 91 -25 -22 -33 -42 87 71 -60 -15 20 31 -79 26 25 -95 -18 41 81 
-70 -10 7 -76 -84 46 67 28 -40 71 7 4 0 -28 -3 -46 63 -93 -45 32 29 -28 59 29 -5 -6 68 -29 -95 -91 98 75 -50 -3 -76 -32 -33 -74 12 5 -58 3 -86 79 -95 -61 89 78 4 -43 
58 69 79 -12 -14 39 71 -96 -62 33 -74 -26 20 -74 73 42 89 33 -30 -76 57 76 -74 -96 -6 17 -88 68 60 -63 27 -73 53 60 93 -68 -44 44 -16 -22 42 -95 -83 93 -51 41 -53 -63 -44 -29 
77 63 -97 29 31 -19 44 1 45 43 -71 -63 81 98 23 40 67 -17 -65 99 50 72 40 0 34 69 8 -69 -33 67 -53 11 0 13 -51 56 56 59 23 9 20 -77 -60 -31 -98 17 76 -43 -67 9 
-70 36 49 27 -82 58 -36 -21 38 94 86 72 57 -57 10 58 -77 -75 -98 54 -21 40 -56 -12 78 73 62 -55 -3 71 82 56 -86 -93 93 -5 22 36 -7 -13 -2 93 -72 31 -42 69 -20 -9 -42 -92 
97 85 -72 -14 71 55 -34 8 -76 -99 25 22 27 -51 -55 5 -43 43 59 36 -9 27 -48 -84 -31 -63 99 55 -22 -32 5 -55 85 -8 -65 47 -65 -64 60 36 -43 -33 -87 38 -60 15 -82 -28 -42 84 
-98 56 47 14 48 95 93 -43 -57 67 60 -88 4 41 -22 40 19 -93 81 50 1 -16 -63 -49 -65 -85 21 -24 -86 -63 80 18 73 -42 -99 58 -29 38 3 -96 -97 67 74 59 64 18 67 -35 5 30 
17 50 -4 36 48 34 -59 61 -87 -12 99 -60 -49 -88 94 -40 -79 -32 48 1 61 -7 73 -59 7 75 32 1 57 -18 55 41 47 -56 69 25 -50 84 -45 96 62 88 -92 30 23 -70 33 53 -5 51 
-8 64 29 -19 23 -52 73 94 -36 39 -3 -60 -20 -82 14 -70 -15 -91 26 -76 55 8 -26 12 -43 -87 79 -31 45 45 -22 88 57 -25 -60 -73 29 23 50 24 -35 74 -68 63 17 42 59 -25 83 61 
38 75 -9 -34 6 51 -13 63 -99 45 -50 3 15 10 -59 75 30 -84 -19 20 -61 -82 -51 -40 -79 98 -12 25 -45 -43 19 -11 -60 4 11 0 42 50 9 22 31 -91 32 -43 62 34 4 -90 -54 -96 
57 42 75 -53 75 91 7 77 24 32 59 61 -79 -2 69 -24 -43 48 -71 8 -29 -52 -18 70 -44 82 47 -65 -72 97 -15 -62 56 -27 80 -8 84 21 69 73 73 89 78 -26 -82 -70 73 23 67 -56 
61 18 -58 16 -43 91 -63 -58 -54 -54 -97 -91 16 -17 79 81 36 17 -86 -19 -48 -6 76 26 11 85 21 39 39 72 -56 -30 64 -69 -87 34 -42 -11 43 -67 2 -85 -76 -15 -47 22 81 26 -76 -47 
-76 -65 36 -77 4 -26 97 5 -30 -65 77 -61 25 88 99 -60 28 61 3 -40 10 44 68 -31 -24 64 -44 0 -98 21 -20 73 2 31 33 -55 9 -16 -99 11 2 52 41 -18 -71 -88 74 93 12 47 
21 63 95 -27 65 -43 -42 -4 -41 81 -90 96 -96 -16 -15 -71 -10 3 83 38 35 -26 28 -83 -28 -58 -4 -67 -16 -63 -69 -5 -32 18 -94 13 66 -14 34 -16 -20 -12 70 60 -92 -1 -80 -99 13 30 
79 -33 -37 -65 5 17 70 -58 98 -73 35 -31 56 21 -12 39 49 -76 38 -63 37 59 -55 -35 -79 21 -9 18 87 71 28 -83 -96 -69 -75 -38 15 78 -78 55 -20 -90 41 32 72 -27 -47 87 70 51 
64 81 57 -85 24 85 -60 -92 66 28 59 -89 40 -47 83 -50 -68 42 60 43 34 52 -95 45 -41 43 -31 -8 -94 85 -4 -48 35 71 -83 3 90 16 57 -37 -71 61 83 -83 -59 22 19 -20 13 -16 
48 36 -80 99 90 39 -3 97 -22 -28 80 -73 40 65 32 -66 -90 31 50 1 59 48 -48 -94 -57 -87 -10 -45 88 -71 8 -85 -11 -23 5 -60 -67 -55 15 71 4 -26 47 -55 88 -40 -25 -77 46 -65 
-78 -75 -5 -2 23 59 20 -73 89 21 46 33 13 8 -99 30 81 40 -4 84 -47 88 5 90 15 -92 87 67 -48 10 -32 -93 -16 75 -89 80 -59 39 -55 -52 4 11 90 72 72 30 11 47 84 15 
-81 -4 -70 45 -45 9 76 27 6 -23 -82 -90 4 -53 77 -88 -98 -48 16 51 38 86 -48 42 91 -74 -52 74 80 8 93 0 72 -59 31 -50 38 -99 97 -68 43 90 99 -76 95 -60 73 96 -60 53 
54 -9 47 35 85 -63 10 -8 95 28 -93 62 98 8 -43 84 40 -14 -20 -92 60 24 93 -15 25 -33 -4 -48 68 -42 -35 55 28 -98 81 -7 31 -43 -11 -56 -49 51 44 -5 57 66 6 35 -71 -90 
59 84 -65 29 -72 8 -11 80 31 84 -7 -85 -66 26 41 88 -77 2 93 94 -2 31 97 -40 59 68 -73 -13 69 -73 34 -35 75 11 11 -73 73 78 35 23 -91 25 -90 -78 -77 26 87 94 46 81 
-52 19 85 -54 -32 18 25 2 -17 47 0 81 82 20 94 -44 83 -70 95 -69 82 -25 97 -59 41 -4 -86 -29 -12 80 -71 -79 -19 -23 68 0 14 78 85 7 -69 9 78 15 82 -46 50 19 -51 -95 
58 -57 -32 -8 3 94 -5 24 -87 -31 17 -79 -60 0 18 43 33 -8 5 -25 -16 -19 -15 -71 -88 23 -18 20 -54 -57 -13 8 23 -41 91 91 32 6 -8 -97 -41 -24 42 82 39 -23 31 58 71 96 
10 82 16 -57 39 -83 1 0 98 98 47 82 66 -20 -4 37 56 92 99 -73 -89 20 65 0 19 22 71 -24 78 81 -77 3 89 62 91 -52 27 78 -75 -66 -6 -89 64 -57 10 -83 -80 -74 47 -38 
64 32 -54 -8 50 9 -4 -22 11 61 -35 25 64 -92 -6 32 73 30 -58 31 -16 68 37 8 -35 82 -21 42 -72 -53 -84 -78 3 73 -45 -77 -94 -80 -96 -71 -25 -76 21 -51 10 45 45 32 53 -92 
71 65 -61 -84 -83 -36 63 -17 29 -32 -62 -78 26 95 -3 33 31 -64 -55 67 36 24 -56 5 14 82 38 -19 57 -67 15 34 92 99 -51 -95 12 -16 -84 86 11 -14 -7 8 -1 -6 61 14 -14 -68 
-8 72 28 47 45 -12 -32 56 -74 -68 -85 -84 -85 28 63 -1 70 43 -45 59 19 0 -90 -87 50 62 97 3 12 -29 -84 82 -38 77 92 13 86 -98 -13 22 40 50 -21 12 -55 -70 -19 -59 75 -6 
21 50 33 55 -94 -40 36 -81 25 69 -59 -60 4 -97 -33 68 84 -49 -92 81 -50 93 32 55 -3 -74 30 4 -58 94 15 -73 -76 52 -64 -40 39 -92 19 -14 -14 -24 -72 -63 -69 22 -84 -92 -65 -92 
-14 -18 -21 -4 -47 92 -3 -35 -78 -46 74 26 -90 28 30 -50 -41 72 -31 65 63 97 -94 -30 -91 47 53 40 -52 0 75 25 0 86 -56 -96 87 63 2 -94 -41 -4 -36 -8 -7 86 81 36 98 93 
87 2 -95 43 -33 36 -63 72 54 -4 -45 -90 -46 49 10 19 -11 -84 -46 81 -54 65 -89 -14 -63 97 71 97 -45 -83 82 -15 7 60 -4 -48 -13 -83 -9 -19 42 3 34 -99 44 97 1 -53 88 1 
63 11 -45 69 41 -79 70 -60 -56 78 76 70 98 62 59 -30 -12 67 88 -86 11 6 -3 -83 -64 -99 39 73 -44 -60 -92 91 57 -1 -98 -37 50 -57 -64 86 -75 -97 62 10 10 -18 56 97 66 -2 
-54 18 -10 68 94 -51 -63 -70 34 44 -32 -4 84 -67 -64 99 -17 -10 56 -34 -30 -29 41 -78 27 -94 27 -60 -99 48 33 16 7 -1 -77 21 90 20 10 32 -4 -58 24 62 49 83 29 33 61 -53 
46 -12 -9 86 40 -83 -51 -34 -56 -1 32 -24 41 -42 94 69 -18 -77 37 -15 33 71 -62 -47 -4 30 -45 11 79 87 -27 89 69 15 34 47 -57 54 22 -60 41 -75 -73 -72 -25 70 70 -14 -52 -51 
71 45 -35 27 -40 10 -20 71 6 -22 58 55 44 93 91 -7 40 -80 -84 52 55 -53 -17 37 -69 37 66 -47 -96 67 7 18 -12 -24 -29 -32 -94 -4 9 -17 -27 -57 95 59 24 98 7 20 45 82 
30
38
51
9
28
83
60
-69
-98
47
88
-9
-30
72
-93
29
41
-85
76
21
-22
-83
-70
83
40
66
-95
-7
5
3
-55
48
-14
58
8
55
75
19
-70
73
19
25
61
-29
-94
42
81
-56
42
-26
