-80 73 16 21 -80 41 51 -57 -63 76 37 83 -30 34 -48 98 -38 29 -82 42 -60 -94 89 42 60 -9 -12 55 79 -77 -3 -42 82 11 -4 19 -18 6 -98 -97 71 79 11 -7 -47 88 40 -51 -66 26 | 30

0 -147.438 71 -49.6875 20 -38.4375 -142.813 64.4375 5.0625 -38.25 -86.6875 -11.8125 31.125 12.125 -13 -66.875 -36.375 -108.188 35.875 -15.375 5.25 170.125 -118.438 16.625 -18.25 92.4375 48.25 38.4375 -56.0625 145.188 -20.1875 -30.625 -122.875 -30.3125 27.75 -29.8125 16.875 57.375 29.875 18.9375 -21.5625 -39.0625 -24.3125 94.5625 55.0625 -45.5 34.5 -13.1875 71.875 -47.375 | 9.875

0 0 -4.62671 12.4499 108.852 -107.509 -27.6718 143.116 95.3187 10.2588 -9.17567 -36.9436 -2.6184 -19.1774 107.396 -138.291 -37.2677 13.4338 161.221 -81.3234 121.486 44.0504 -147.515 -104.361 -117.69 -13.892 -11.1329 -42.6914 12.7596 139.592 55.981 63.0647 -113.276 73.7436 40.3691 47.1899 64.6623 -95.3881 38.8659 64.9033 -107.446 -24.6665 15.2991 82.4047 -41.2522 -114.812 -88.8059 35.2291 28.3543 -107.086 | 23.4142

0 0 0 -214.369 -2531.7 2435.67 657.057 -3237.73 -2131.34 -161.335 272.485 805.541 127.742 400.007 -2444.88 3218.24 901.441 -319.99 -3648.14 1958.33 -2699.3 -983.245 3470.22 2377.19 2628.77 382.778 225.585 1064.56 -246.222 -3325.27 -1207.63 -1368.17 2548.38 -1659.69 -1001.02 -1084.85 -1504.46 2247.41 -959.697 -1570.2 2379.55 629.336 -275.1 -1909.44 947.672 2728.48 2027.62 -744.064 -656.27 2455.07 | -516.083

0 0 0 2.84217e-014 1408.16 -1173.2 -290.98 1644.66 1159.99 49.6609 -72.2545 -560.274 -144.448 -276.981 1307.01 -1847.48 -352.175 237.619 1902.67 -1035.78 1475.36 367.066 -1865.15 -1318.5 -1352.94 -422.989 -191.63 -639.763 101.617 1740.48 690.985 680.405 -1193.54 860.664 545.33 508.046 763.076 -1280.52 546.518 986.169 -1287.98 -408.805 40.8721 841.792 -579.517 -1480.98 -1080.83 359.41 361.876 -1171.88 | 238.497

0 0 0 0 0 29.7001 -24.8259 -132.745 -97.1937 -224.871 -82.5269 235.15 51.8077 85.6925 -190.77 156.213 -8.0567 -0.61551 -79.0347 34.5778 -345.135 -8.88082 62.3445 161.476 105.464 126.926 39.3698 -11.5048 -91.1961 82.8977 -311.094 -92.8621 92.0621 -133.977 -12.8292 -18.1674 -46.529 8.82704 38.2161 -71.2021 185.733 20.1647 -90.2128 150.276 236.016 -70.5364 143.571 -60.5852 -87.8844 -48.3365 | 20.32

0 0 0 0 0 0 -342.816 -692.488 -591.655 -1202.99 -585.74 1341.25 271.229 421.49 -1156.48 794.433 -169.562 -82.1351 -231.927 145.779 -1965.12 117.912 244.998 893.835 422.49 741.083 193.541 89.6524 -407.539 676.856 -1725.97 -535.195 416.871 -719.28 14.5626 -7.14557 -303.06 16.0759 281.97 -355.583 932.203 194.745 -511.752 999.152 1403.89 -486.775 789.137 -415.505 -408.168 -334.602 | 251.899

0 0 0 0 0 0 0 537.127 351.294 829.223 209.497 -881.626 -226.24 -216.121 777.149 -560.271 -39.7842 4.59993 182.553 -108.469 1293.88 155.878 -282.126 -626.775 -333.849 -326.738 -137.817 31.726 185.306 -380.564 1084.3 358.443 -329.237 401.365 45.6317 44.7994 148.978 80.872 23.1515 283.167 -675.878 -203.376 407.435 -625.846 -792.631 266.616 -549.902 337.213 454.586 310.773 | -212.749

0 0 0 0 0 0 0 0 180.447 161.445 193.587 -425.824 -196.805 -102.701 157.354 -210.527 152.632 60.5261 35.4657 -117.008 473.518 -40.3548 -63.6146 -245.619 -188.627 -380.836 -20.4812 -67.3604 -18.8211 -237.986 442.002 84.2833 -4.94333 49.7792 94.8447 -23.0828 -45.5806 13.3333 115.876 297.969 -230.214 -139.53 27.7466 -408.413 -311.96 -56.5348 -104.22 18.9086 268.046 164.967 | -213.388

0 -1.42109e-014 1.42109e-014 0 0 0 0 0 0 -90.923 114.444 246.272 144.112 -13.1623 -239.246 130.919 1.72204 -90.9684 14.5787 27.0203 -152.324 -156.316 206.207 157.949 13.3404 187.197 23.8051 135.122 111.716 100.565 -163.782 -94.1523 -71.231 -60.8931 -90.2492 -22.8802 -13.1099 -20.0578 -300.282 -138.26 56.4143 119.563 -46.8379 221.168 97.2046 90.7122 181.907 -128.705 -271.004 -46.6569 | 176.345

0 0 0 0 1.13687e-013 0 0 0 0 1.77636e-015 53.359 -125.778 44.6232 -80.7967 50.615 -2.55322 -23.8147 -1.58997 62.5959 -127.078 8.85844 134.011 -91.1443 46.8505 -23.7338 -69.0291 59.3341 24.355 -56.0703 -80.2765 -18.9098 94.6644 -151.101 -80.5147 -43.0922 -44.1496 33.3394 -29.7631 -3.53636 82.5595 -114.298 -9.3374 31.3306 -31.661 30.3795 4.83566 67.6376 8.41661 99.9211 73.1321 | 36.5001

0 0 0 0 0 0 0 0 0 0 -1.42109e-014 738.493 154.222 -16.8529 -611.558 134.396 82.365 -311.76 -96.8172 316.866 -290.302 -627.056 656.203 320.202 156.285 647.132 -169.966 354.954 502.154 455.766 -266.001 -358.372 84.8071 22.3686 -26.7597 85.4714 -156.982 70.9157 -630.021 -367.588 390.361 297.985 -136.573 507.074 6.82737 423.493 136.447 -323.086 -803.681 -75.9847 | 360.54

0 0 0 0 0 0 0 0 1.42109e-014 0 0 0 -33.5703 -254.017 -133.132 -93.5042 -57.2467 -135.377 56.4462 -142.003 -45.5243 6.81729 -55.5563 96.1258 -44.9121 97.7632 7.76884 120.355 100.935 66.3478 -27.2177 97.7266 -261.332 -59.586 116.399 -45.9202 27.8065 -129.867 -55.932 227.905 -59.8795 117.563 52.0196 50.1874 17.4767 13.8957 -4.33637 -223.817 -130.236 -7.58541 | 101.55

0 0 0 0 0 0 0 1.42109e-014 0 0 0 0 2.84217e-014 2154.41 1127.54 525.713 455.024 1098.83 -491.947 1226.14 586.018 -335.79 291.385 -1203.37 162.379 -1108.05 -79.6255 -1041.7 -714.611 -562.328 683.676 -834.099 2360 882.131 -784.017 484.275 -80.9541 826.189 583.456 -1713.27 362.367 -828.897 -386.851 -669.338 -455.32 -323.039 -334.257 1584.89 884.925 -225.367 | -897.768

0 0 0 0 0 0 0 0 0 0 0 0 0 0 -125.831 277.414 -28.3407 180.459 -111.545 191.441 -201.641 249.298 143.164 24.1553 24.3855 273.477 -14.7993 -232.818 -217.773 -118.488 -302.405 -91.0631 206.833 -188.548 180.915 -95.9373 -260.58 235.031 289.349 -86.9151 207.044 -151.634 3.96725 88.9125 249.725 -206.628 23.3696 200.29 251.261 146.345 | -440.22

0 0 0 0 0 0 0 0 0 0 0 0 0 0 0 -172.966 77.4948 -193.634 -116.021 -253.546 232.468 -229.978 285.439 341.77 242.622 28.9977 -141.128 277.384 168.677 349.461 32.4001 39.2442 -217.873 -195.191 -219.58 -62.3662 2.68513 188.957 -475.525 -43.1568 182.219 -136.848 -77.5416 -55.5825 -47.9653 569.883 307.381 -55.2968 -224.663 211.17 | 402.134

0 0 0 0 0 0 0 0 0 0 0 0 0 0 0 0 100.978 -8.76237 105.342 247.99 -72.6087 -146.152 -94.321 -154.305 -149.798 -49.8775 107.059 -92.2267 6.10614 -73.785 -38.3225 -33.9696 305.626 105.932 139.369 50.268 -56.9134 -95.1581 288.884 4.61024 -61.9626 103.768 -36.8534 -16.1377 -121.241 -258.291 -301.266 -56.8201 74.3027 15.7033 | -169.594

0 0 0 0 0 0 0 0 -1.42109e-014 0 0 0 0 0 0 0 0 -55.0651 62.9962 -65.2213 -92.1283 195.856 -176.141 -167.06 -190.232 -55.4017 240.384 -142.187 -274.912 -338.698 93.9214 123.476 -125.082 40.8404 -14.4107 71.1294 30.3934 -193.601 310.368 171.598 -279.522 36.1754 10.2769 48.8999 -108.334 -309.71 -67.013 85.6241 146.952 -80.9017 | -281.151

0 0 0 0 0 0 0 0 0 0 0 0 0 0 0 0 0 0 -205.838 -313.137 306.038 217.9 206.439 77.8961 125.876 167.096 -314.31 293.14 45.8776 140.384 169.134 -45.5805 -321.102 -93.0505 -152.274 -199.559 -39.5962 299.071 -535.29 -144.471 142.33 -274.365 -59.6526 114.934 152.808 456.691 453.459 22.5319 -217.049 -81.0356 | 312.97

0 0 0 0 0 0 0 0 0 0 0 0 0 0 0 0 0 0 0 27.617 291.645 367.57 -481.568 -739.58 -481.841 -33.5456 -88.0587 221.089 85.763 -206.787 539.024 -126.551 -114.607 584.014 206.591 -98.6367 255.822 -231.939 -152.494 26.2338 -387.504 112.675 -70.6622 191.848 -228.466 -352.437 -86.3151 -537.687 -418.498 -772.848 | 195.833

0 0 0 0 0 0 1.77636e-015 0 -1.42109e-014 -7.10543e-015 0 0 0 0 0 0 0 7.10543e-015 -5.68434e-014 0 -7317.61 -9317.84 11514.6 17826.9 11746.7 757.301 2262.95 -5745.61 -1899.46 5491.84 -13304.8 2986.22 3491.75 -14070.9 -4557.51 2480.96 -6182.46 5564.36 4165.66 -670.859 9638.28 -2445.14 1584.26 -4854.32 5381.21 8238.54 1449.55 12750.8 10097.2 18731.6 | -4930.05

0 0 -3.55271e-015 0 0 0 0 0 -1.42109e-014 -1.77636e-015 0 0 0 0 0 0 0 0 0 0 0 73.0783 5.34623 82.9458 98.5289 -87.0114 225.11 -109.65 -139.424 -92.239 50.0674 19.5776 -84.3591 -101.924 -109.864 120.111 -74.3289 -9.51137 117.156 65.8482 37.4542 -71.0533 -106.63 44.7358 -171.62 17.9555 39.1949 186.6 163.235 74.6718 | -289.976

0 0 0 -3.55271e-015 0 0 0 0 0 0 0 0 0 0 0 -5.68434e-014 0 0 0 0 -4.54747e-013 0 791.317 1278.46 1159.18 -381.784 900.909 -740.501 -725.866 143.984 18.4708 150.733 -365.094 -1231.17 -975.7 715.963 -832.461 566.546 401.052 -21.7165 849.075 -633.575 -541.086 254.981 -253.841 818.591 594.234 1810.11 1199.1 919.293 | -1604.81

0 0 0 0 5.68434e-014 0 0 0 0 0 0 0 0 0 0 0 0 0 0 0 0 0 0 54.7691 71.1272 39.3889 199.541 57.5058 194.334 -170.925 -46.0819 -95.4873 -204.464 138.054 28.4684 133.794 179.221 -176.546 -230.205 286.249 73.1298 146.253 -174.714 77.7857 -345.69 -222.729 267.123 -227.991 -125.503 -108.552 | 193.611

0 0 0 0 0 0 0 0 0 0 0 0 0 0 0 0 0 0 0 0 0 0 0 0 38.7919 -92.7307 66.3756 94.2489 226.405 -175.973 -9.89176 -74.8961 5.45856 121.846 -107.393 12.2767 158.49 -16.8623 -182.772 93.5203 -1.599 219.252 -95.3176 9.10257 -48.5537 7.99118 243.332 -111.361 10.4074 -51.3986 | 266.116

0 0 0 0 0 0 0 0 0 0 0 3.55271e-015 0 0 0 -2.84217e-014 1.42109e-014 0 0 0 0 0 0 0 0 -970.49 -881.462 -730.484 -1618.66 1064.39 690.088 725.263 1323.93 -1370.52 -931.971 -613.663 -1400.38 1549.83 1833.73 -2105.08 -269.512 -1147.14 980.307 -651.846 2380.67 2330.67 -1651.63 2434.51 1632.51 899.441 | -2027.09

0 0 0 0 2.84217e-014 0 0 0 0 0 0 5.68434e-014 0 0 -7.10543e-015 0 0 0 0 0 0 0 0 0 0 0 656.276 1786.9 3364.37 -1945.39 -782.725 -1194.62 -467.859 2127.29 -214.656 96.406 2486.82 -1011.39 -3053.21 1903.22 3.66358 3042.17 -1123.2 454.511 -1512.63 -1362.19 3362.26 -3035.55 -1170.21 -1077.36 | 4387.91

0 0 0 0 0 0 0 0 0 0 -3.55271e-015 0 0 0 0 0 0 0 0 0 2.27374e-013 0 0 0 0 0 0 -1638.42 -2891.23 1617.63 718.055 910.163 203.446 -1729.78 164.009 289.337 -2137.47 398.949 2657.62 -1413.75 -59.4165 -2659.58 639.157 -158.855 370.423 802.482 -2859.7 2468.24 784.187 831.463 | -4194.64

0 0 0 0 0 0 0 0 0 1.42109e-014 -1.42109e-014 0 0 0 0 0 0 0 -1.42109e-014 0 0 0 -7.10543e-015 0 0 0 0 0 -122.918 109.906 193.531 75.719 -45.0909 -117.055 -77.8118 83.5445 -96.87 181.937 104.919 -80.7006 49.7896 -16.3071 144.738 -128.759 11.3589 360.696 -121.896 271.355 178.779 6.01535 | -288.265

0 -1.42109e-014 0 0 0 0 0 0 0 0 0 0 0 0 0 0 0 0 -2.84217e-014 0 0 0 0 0 0 0 0 0 0 -294.525 -308.472 105.151 -216.517 46.5005 -84.3395 -189.737 295.381 -155.594 -166.138 111.784 -120.683 6.51615 137.081 -95.0767 -5.61013 -184.63 69.339 -394 -169.532 62.4177 | 347.22

0 0 0 0 0 0 0 0 0 0 0 0 0 0 0 0 0 0 0 0 0 0 0 0 0 0 5.68434e-014 0 0 0 -926.033 -225.724 986.069 -261.056 359.267 -478.552 -655.272 -154.5 591.529 -349.735 -163.5 -723.433 -259.259 272.33 48.8559 -533.812 -972.237 -130.181 44.9811 1455.36 | -304.882

0 0 0 2.84217e-014 -2.84217e-014 0 0 0 0 0 0 1.42109e-014 0 0 0 0 0 0 -2.84217e-014 0 9.09495e-013 0 0 0 0 0 0 0 0 0 0 -322.625 809.646 147.522 111.143 -8.9448 -559.784 73.1775 408.391 -371.677 50.196 -252.744 -413.244 311.583 103.064 -140.978 -305.19 401.834 122.894 370.066 | -317.759

0 0 0 0 0 0 0 0 0 0 0 0 0 0 0 0 0 0 0 0 9.09495e-013 0 0 1.13687e-013 0 2.27374e-013 0 0 0 0 0 0 -286.528 -370.428 -270.797 -143.525 -126.52 351.138 46.368 -100.261 237.142 -232.404 379.14 -319.465 -13.3112 690.569 -329.199 228.86 415.416 129.17 | -439.052

0 0 0 2.84217e-014 0 0 0 0 0 0 -1.42109e-014 0 -8.88178e-016 0 0 0 -1.42109e-014 0 -2.84217e-014 0 0 0 0 0 0 0 0 0 0 0 0 0 0 356.375 47.7337 92.7155 139.629 -66.2573 -125.543 34.9746 -4.17235 58.5892 -24.1824 94.0399 204.59 -268.581 64.6182 -90.7708 -192.865 -234.041 | 504.41

0 1.42109e-014 0 0 0 0 0 0 0 0 -2.84217e-014 1.13687e-013 0 0 0 0 0 7.10543e-015 0 0 0 0 0 0 0 0 0 0 0 0 0 0 0 0 653.575 121.164 378.388 -891.52 -132.501 431.553 -401.787 298.121 -476.216 292.387 -537.629 -1277.01 758.287 -683.938 -843.782 -91.114 | 258.585

0 0 0 0 0 0 0 0 1.42109e-014 0 0 0 0 0 0 0 0 0 0 0 0 0 0 0 -7.10543e-015 0 0 0 0 0 0 0 0 0 0 -88.4708 -458.751 846.263 269.315 -104.643 684.49 -389.428 725.426 -544.806 843.292 813.255 -1139.5 794.679 911.597 89.1408 | 67.5054

0 0 0 0 2.84217e-014 0 0 0 0 2.84217e-014 0 0 0 0 0 0 0 0 0 0 0 0 0 0 0 0 0 0 0 0 0 0 0 0 0 0 1494.38 -2763.9 -899.234 242.557 -2218.57 1251.57 -2444.21 1617.96 -3009.99 -2297.28 3565.14 -2704.96 -3008.29 -648.978 | -171.959

0 0 0 0 0 0 0 0 0 -1.42109e-014 0 5.68434e-014 0 0 0 0 0 0 0 0 0 0 0 2.84217e-014 0 0 0 0 0 0 0 0 0 0 0 7.10543e-015 0 490.979 263.452 77.2165 189.302 191.812 461.971 -516.456 219.847 604.479 -254.548 137.765 393.484 -205.584 | -213.788

0 0 3.55271e-015 0 0 0 0 0 0 0 0 0 0 0 0 0 0 0 0 0 0 0 0 0 0 0 0 0 0 0 0 -2.84217e-014 0 0 0 0 -5.68434e-014 0 -108.714 -268.191 122.808 -68.1656 -85.4782 154.77 -27.5168 175.331 -24.2199 170.471 92.8134 -33.8203 | 127.629

0 0 0 0 0 0 0 0 0 0 0 0 0 -4.54747e-013 0 0 0 0 0 0 0 0 0 0 0 0 0 0 0 0 0 0 0 0 -2.84217e-014 0 0 0 0 216.816 -50.8487 -295.726 409.304 -139.284 518.716 -831.322 -38.5841 -336.083 -239.895 344.41 | -82.8296

0 1.42109e-014 0 0 0 -1.77636e-015 0 0 0 0 0 0 0 0 0 2.84217e-014 0 0 0 0 0 0 1.42109e-014 0 0 0 -1.13687e-013 0 0 0 0 0 0 0 0 0 0 0 0 0 -82.4626 642.884 -401.994 -69.3564 -583.691 1012.4 302.602 328.042 490.265 -544.131 | -139.956

0 0 0 0 -1.13687e-013 0 0 0 0 0 0 0 0 0 0 0 0 0 0 0 0 0 -5.68434e-014 0 0 0 0 0 0 0 0 0 0 0 0 0 -5.68434e-014 0 0 0 0 -220.614 563.861 -86.6499 385.604 -325.488 -138.454 -205.805 -315.856 79.8301 | -72.8402

0 0 0 0 0 0 0 0 0 0 0 0 0 0 0 0 -2.84217e-014 0 0 2.84217e-014 0 0 5.68434e-014 -2.84217e-014 0 0 0 1.13687e-013 0 0 0 0 0 0 0 0 0 0 0 0 0 0 -1033.28 72.6034 -35.9577 -661.839 148.623 288.825 851.911 654.53 | 60.6849

0 0 0 0 0 0 1.77636e-015 0 1.42109e-014 0 0 0 0 0 0 0 0 0 7.10543e-015 0 0 0 0 0 0 0 0 0 -1.42109e-014 0 0 2.84217e-014 0 0 0 0 0 0 0 0 3.55271e-015 0 0 -107.599 90.2412 -48.4917 -223.494 -43.6093 93.4014 1.04101 | -273.86

0 0 0 0 -2.84217e-014 0 -3.55271e-015 0 -7.10543e-015 -1.11022e-016 0 0 0 0 0 0 0 0 0 0 0 -5.68434e-014 0 0 0 0 0 0 0 5.68434e-014 0 0 -5.68434e-014 0 0 0 0 0 0 0 7.10543e-015 0 0 0 -5.57806 460.962 187.185 441.921 23.5753 159.035 | 367.147

0 0 0 0 0 0 0 0 0 0 0 0 0 0 0 0 0 -7.10543e-015 0 0 0 7.10543e-015 0 2.84217e-014 0 0 0 0 0 0 5.68434e-014 0 0 0 2.84217e-014 0 0 0 0 0 0 0 0 0 0 36722.7 16067.9 35945.8 2294.63 13532.6 | 30359.3

0 0 0 0 0 0 0 0 0 0 0 0 0 0 0 0 7.10543e-015 0 0 0 0 0 -5.68434e-014 0 0 0 0 0 0 0 0 0 5.68434e-014 0 0 7.10543e-015 0 0 0 0 0 0 0 5.68434e-014 0 -1.45519e-011 -1630.74 388.892 357.297 -1169.65 | -1473.69

0 0 0 0 0 0 0 0 0 0 5.68434e-014 0 0 0 0 0 0 0 0 0 0 0 0 0 0 0 1.13687e-013 0 0 0 1.42109e-014 0 0 0 -5.68434e-014 0 0 0 1.42109e-014 0 0 2.27374e-013 0 -3.55271e-015 0 0 2.27374e-013 -442.436 121.673 972.326 | -270.26

0 3.55271e-015 0 0 0 0 0 0 -8.88178e-016 0 0 0 0 4.54747e-013 0 0 0 0 0 0 0 0 0 0 0 0 -5.68434e-014 0 0 0 0 0 0 5.68434e-014 0 0 0 0 -2.84217e-014 0 0 0 0 0 1.77636e-015 0 0 0 1502.21 2370.23 | -1375.01

0 0 0 0 0 0 0 0 0 0 0 0 0 0 0 0 0 0 0 0 0 0 0 0 0 0 0 0 0 0 0 1.77636e-015 0 0 0 0 0 0 0 0 0 0 0 -2.84217e-014 -5.68434e-014 3.63798e-012 0 0 0 -389.412 | -127.685

sol [0.906976,0.445261,-0.262596,-0.382393,0.687257,0.585497,-0.615104,-0.5354,0.984487,0.913946,-1.02618,-0.572222,-0.062628,0.637995,0.637429,-0.0190317,-0.801831,-0.208476,0.0386596,0.191792,-0.848492,-1.05572,-0.159224,-0.609632,-0.532964,-1.92597,0.662313,0.972586,-0.134206,0.12814,-1.14275,0.736731,-1.75074,1.36225,0.893439,-1.40239,-1.11468,1.35659,-0.200432,-0.494569,0.509719,0.904352,-0.450873,0.0103234,0.139951,-0.375174,0.578169,0.93744,-1.43268,0.327891,]
