d 100 100
-47 -50 -39 7 -66 57 -18 36 26 76 18 -5 50 35 0 -59 -77 92 48 39 16 -33 -13 -34 63 -38 -44 -37 -47 86 -18 -62 40 98 -97 -78 26 63 -82 -32 2 -88 -67 -90 73 20 -75 -46 58 36 -83 -5 -1 58 48 64 -24 79 22 0 12 -44 81 -78 -6 52 1 -95 -11 5 90 86 55 -12 0 -36 74 5 -32 -37 36 39 85 -44 -88 -36 -31 45 -41 -75 61 73 89 -60 -89 -50 -38 46 42 -18 
75 -26 -6 30 -68 -30 14 -91 -50 -7 -14 -76 -31 5 -99 -45 74 -6 -90 -85 -90 91 -34 96 -44 -67 -73 -86 -90 -2 -97 51 42 -77 -53 0 -45 11 84 -79 -22 41 98 73 97 1 44 -30 -68 28 80 39 -99 26 8 -73 41 43 57 82 -64 -68 -6 22 -20 19 -9 45 10 -34 -44 -36 53 -96 -40 -70 -36 0 -78 -78 -83 -3 62 -38 -46 86 -28 -19 96 -12 -71 98 -3 -11 -7 74 67 -37 89 -89 
-2 -48 89 98 2 -32 1 67 25 33 44 -45 -18 37 56 26 -8 38 -28 -14 -80 65 -12 -1 -51 20 -80 59 9 22 6 4 39 -20 39 56 -84 13 -77 -63 94 -19 -15 37 -17 -38 43 -51 14 15 -2 41 62 -43 -95 -29 -20 -14 -51 -55 63 81 92 10 -23 40 83 -64 64 -80 41 54 -63 -45 33 -27 12 41 66 57 49 -40 34 12 30 -38 52 -49 -26 -57 -50 -33 40 63 46 -45 -65 40 -80 55 
62 -99 -8 11 -61 32 -71 13 -51 33 -67 0 -91 -62 -10 -66 28 60 74 24 -42 -74 2 59 22 70 -7 82 -49 -99 66 -22 66 -45 82 -11 12 83 92 99 89 15 25 -63 26 64 32 39 16 -36 14 76 81 32 -34 69 -53 23 19 -74 75 95 18 -73 -69 -61 -86 46 19 -63 14 -11 41 50 45 -61 19 -25 -96 -69 17 -94 -56 -47 83 88 -83 -45 88 -4 55 -47 52 89 67 16 34 -72 -60 -16 
-74 34 -17 -99 -7 -96 53 40 13 -6 48 39 -80 -3 -32 69 84 15 27 -34 37 -43 74 10 -47 76 -83 -20 32 23 -11 -94 99 -51 -80 90 5 17 46 -17 93 -1 42 41 -59 93 -5 34 67 93 -44 18 58 -7 -26 73 0 -85 57 55 -17 40 -44 87 47 -21 0 0 -51 10 43 -40 -87 -65 5 58 80 -84 -87 7 -2 -91 13 -45 -65 -27 -46 -42 -53 3 21 -56 99 -70 10 85 -34 -5 64 -50 
93 95 80 19 -59 -60 -66 -70 45 91 16 75 -97 3 1 66 7 -43 -22 -59 -60 -72 -84 77 94 -7 -83 -33 -69 82 87 -90 -12 -85 -47 -52 -21 42 -96 46 -45 -39 46 80 -77 -68 93 -71 19 56 -41 78 33 25 95 61 -74 47 39 37 44 -81 73 7 -21 -73 27 75 -23 -72 7 68 -92 -8 -34 -47 -94 -28 88 -94 -73 -30 80 -95 -94 74 -16 -40 41 -43 79 99 -25 -45 14 41 10 -14 -67 -79 
-51 -93 -33 -82 -46 -48 -31 -26 -32 -22 26 39 -9 -88 77 -89 13 60 74 6 -55 -91 94 65 -39 34 39 -20 93 -19 0 8 81 -53 33 -82 -82 14 17 -9 8 -5 55 -58 99 62 -57 -54 28 71 -14 7 -77 87 -69 27 34 7 47 96 -93 60 74 61 42 3 32 46 -84 94 16 36 88 -22 -20 33 46 11 -8 67 65 90 -62 -64 -74 79 70 85 -6 99 34 14 6 -70 -67 -55 -17 15 49 21 
31 -61 94 -18 54 -92 -64 -82 6 84 59 39 38 86 -64 15 -88 56 64 -89 -32 -43 -99 32 -32 -81 85 70 -74 -96 58 -13 -99 22 41 19 43 1 -29 -12 89 -95 41 -52 -68 -53 0 41 3 18 88 -7 78 38 39 3 -98 -63 -55 10 -27 14 -71 43 20 -62 -29 88 18 -96 50 59 -72 9 -16 -20 -94 51 92 -57 -40 2 90 -96 -26 -71 24 80 -56 89 73 -89 -27 -4 -58 -5 5 -48 88 1 
89 90 47 -29 -18 -80 -97 37 6 -51 -90 -21 -73 44 58 -42 29 55 81 1 -7 82 73 -69 -66 3 -17 6 -52 -33 30 -77 66 -42 69 -40 -91 -41 59 -7 14 -81 38 -77 -92 15 69 77 -18 27 29 72 -73 94 -19 -91 68 -70 -22 -96 -88 68 99 60 90 0 77 46 59 10 -18 -25 -9 62 98 -51 26 16 -22 55 -21 10 -68 67 72 13 -22 -88 6 86 67 77 71 55 47 2 -75 98 41 81 
17 56 -2 -89 61 -91 -32 99 7 -62 66 -54 70 -8 -86 -76 49 -8 -68 54 34 91 -52 -82 47 -41 72 -37 -33 82 68 -11 -21 -78 -41 0 20 -23 -60 71 -71 -30 -53 8 49 88 84 -42 74 6 -63 74 -18 8 -61 69 -7 -59 -24 -31 84 0 -5 86 -43 -89 56 32 52 17 16 -13 -95 96 27 -73 86 75 -67 -8 -82 73 -5 -36 71 1 -81 11 -11 -88 6 -21 -57 81 -79 13 -41 -32 -71 -42 
-36 94 22 50 -37 -61 18 -46 45 12 -90 92 55 66 -11 0 -8 -52 -95 61 -9 -3 -13 -91 -67 -11 -66 96 64 -92 -34 -42 -39 27 17 -56 6 59 2 25 0 0 -3 -91 -49 67 -4 -94 35 -62 -28 -11 -30 -85 2 -78 42 63 78 -40 77 -32 88 17 15 -15 78 -39 20 -55 61 39 -10 70 -19 19 23 -48 91 -94 62 62 -68 60 -85 -69 -93 -92 -6 -21 -14 62 82 -52 -38 -11 -10 -52 -36 89 
-85 -75 -41 50 -94 -29 71 6 -25 -23 18 -79 -61 -19 -42 -77 31 17 62 22 -83 -33 -39 72 -21 63 36 15 34 -85 15 -32 -64 -22 -38 -35 -63 -17 65 26 71 17 9 49 -24 -46 52 -31 -4 72 -96 32 15 -51 -53 -20 -84 90 58 3 62 -21 -93 -66 -61 1 44 -56 3 -43 -70 -17 -85 -76 81 11 66 -13 -20 65 94 56 -56 -89 59 -27 41 -71 0 4 -99 -78 -9 -57 -27 87 -25 18 28 -96 
-24 -30 26 34 -58 87 -83 -48 -68 32 -78 85 -41 94 82 29 -38 16 70 -89 -79 38 41 38 -55 -88 92 -65 78 -24 79 31 -37 85 -98 81 -75 -46 -19 -98 -68 91 -99 56 -59 86 3 27 84 -83 30 -35 -67 23 92 -67 48 -83 4 43 -34 -21 60 -14 -95 67 49 93 -84 48 34 39 92 61 61 46 -3 75 -86 -43 41 61 82 -59 -47 36 68 -11 76 31 -94 81 4 28 47 21 43 -33 -17 11 
47 30 -97 -23 -59 24 66 54 35 -54 -93 84 -84 -92 21 62 16 -43 -8 -4 72 -94 9 -29 -56 -29 89 -99 -38 66 84 1 34 75 0 -62 95 56 -19 54 -53 59 75 26 67 -43 -1 -36 -16 97 33 -64 -50 -19 -71 3 66 47 -64 12 -83 -73 33 72 84 72 46 85 98 -35 -31 13 -11 33 -75 -96 -8 -27 97 -73 -57 80 -67 -49 -48 -48 -49 19 29 -3 94 -92 59 55 38 -43 -62 72 -64 45 
-83 -30 70 80 -12 56 41 -93 -76 35 -7 79 94 -40 -90 -84 -9 -3 -34 1 31 -84 87 -81 39 -10 29 31 0 16 -30 -48 -66 -97 12 -39 -10 33 76 30 -86 -52 -50 8 73 -14 -40 -5 -41 45 -86 -69 34 77 10 91 -30 -89 -32 -71 18 48 -27 -7 63 57 -36 -59 -15 -16 69 96 -36 80 -15 27 -32 53 -38 88 -13 27 44 4 -45 -56 91 31 8 59 -86 85 -48 95 -44 4 -67 48 42 12 
-70 48 -4 39 -96 66 16 50 -69 55 56 79 20 41 -85 -24 -26 84 -22 30 -99 97 4 -38 37 13 71 53 79 15 88 -57 28 -10 38 78 48 34 -62 -58 93 -76 -58 56 19 35 83 58 -50 29 84 -82 9 50 -4 -96 35 44 14 -52 27 -45 52 -72 9 -42 -87 -27 -2 -7 -25 48 -49 89 -63 35 46 -22 -16 68 21 12 -92 94 -69 13 12 87 8 93 2 -47 83 -13 -31 -76 39 50 88 -48 
-5 43 0 -74 -59 34 48 -16 -63 -54 -49 -71 -79 41 -22 -94 97 31 -32 -73 -19 -53 14 45 -7 -48 48 48 79 97 -28 11 50 -37 -88 -58 -85 38 -57 3 -74 26 27 85 87 -25 75 66 49 36 71 92 61 -12 11 -50 -69 37 -57 39 -51 -39 99 -78 -63 10 -40 62 5 -63 -18 -43 -56 -93 69 -67 83 11 -83 -58 -88 83 33 62 -66 -24 -89 -67 54 35 33 -88 17 -5 68 -35 90 75 54 -60 
66 69 78 -84 98 -12 76 3 13 8 51 -10 25 9 54 69 -2 -76 36 -33 85 -58 -97 -43 43 -50 99 -96 46 95 -76 -49 24 -60 -61 -30 13 -14 44 0 -60 -17 -26 -61 -98 9 -13 -46 95 0 34 -46 54 -39 7 45 10 -17 -83 83 65 -18 26 -41 89 -38 -33 -23 41 72 65 76 -95 44 28 39 -95 44 -10 -65 83 71 47 -64 -37 -16 -40 -20 -77 -55 77 -50 55 -77 -62 36 90 -84 -76 27 
-55 -17 -92 56 52 46 32 55 83 -55 82 85 74 -34 77 -69 21 53 94 22 -14 -31 19 -94 43 7 98 -15 70 9 9 94 59 -41 60 -70 65 42 99 -77 -72 57 76 33 -38 52 96 -15 -76 -99 -54 7 67 -66 -56 93 99 17 -91 20 -1 -74 99 76 9 75 85 -64 -28 39 48 -72 36 99 -22 33 65 54 -70 41 56 75 -89 -85 -58 -71 -89 13 21 21 -96 76 -69 79 16 24 16 -85 88 -24 
-7 -90 -45 -8 71 -68 95 -93 97 91 9 -74 64 41 -79 10 -30 78 96 44 -6 73 -30 50 11 71 -50 65 56 -16 -80 92 55 42 72 -31 88 44 40 22 -56 -68 5 38 70 -17 -75 -16 -76 4 60 -64 66 -5 43 -24 31 -41 -83 21 -95 -94 -3 67 -45 -96 92 -94 32 86 -12 53 -57 85 96 -16 0 -50 -75 21 28 -77 -62 76 -56 39 -45 43 75 -18 60 15 -69 -39 -41 88 49 7 -34 -38 
63 83 39 98 1 21 -60 -12 23 30 76 -3 18 -39 -30 -49 78 -98 43 43 67 -47 11 -41 97 75 35 61 -63 -12 74 -13 -91 -2 85 -64 -84 0 -16 50 -37 70 -65 -19 42 -48 -24 -37 66 36 -78 53 -82 92 50 41 0 3 36 57 -38 -81 77 -72 42 -12 -77 63 98 32 -35 18 -93 -1 -84 -29 -25 20 29 -61 -23 60 17 43 -75 -98 -34 -79 -16 -1 83 20 -22 87 -14 25 21 -84 -20 91 
-64 87 -30 52 37 0 -30 -35 67 -38 96 -73 -57 -14 67 -53 -92 -97 -94 -24 -59 11 -65 -82 -25 65 -99 -66 -73 35 -71 -8 -58 -15 -53 32 27 -70 -66 -75 -68 -19 -38 -57 16 72 -28 19 95 -84 2 68 71 5 68 -73 -58 -8 -73 3 65 37 72 -2 -52 43 -80 -37 42 -68 95 -11 27 62 29 -73 87 80 -96 -99 -70 -95 -62 -86 -83 -62 70 -1 -5 -35 -89 32 68 -15 31 -7 81 -44 -74 -97 
-54 11 57 79 -96 -99 -68 -45 -67 -2 8 -77 -76 -55 31 -1 60 89 42 -70 34 63 -51 41 -25 -16 2 -71 -9 -35 -32 5 -10 -57 -16 81 -50 5 52 -53 59 75 -73 43 -34 73 -3 -75 0 79 -57 13 98 67 -43 -74 -11 61 -89 -86 48 86 -10 -98 -88 71 -39 -26 -29 47 23 35 86 58 97 44 -51 -35 -90 -67 9 -5 -46 -78 -88 93 76 59 -79 -7 -44 -31 -3 -46 57 -64 -86 -92 -41 -58 
13 -74 -92 -60 -15 96 -69 6 34 -33 -40 20 -77 -89 -39 30 -63 -60 -34 37 32 -9 25 32 98 74 72 89 45 -7 78 -15 -11 67 31 64 -21 69 -77 93 -4 90 -94 -51 49 -53 70 -78 34 57 97 90 30 -24 20 29 94 37 -5 80 93 39 7 55 43 10 61 64 -93 -16 -52 -3 30 -52 -3 23 17 0 33 -16 -74 -81 -25 -64 71 -77 43 -98 95 16 79 -16 38 73 -23 12 42 54 69 -11 
38 -18 -5 -18 91 26 19 -88 -91 10 12 6 -52 -85 39 89 30 53 -19 93 -41 18 -61 -29 31 -60 92 4 0 -81 -17 81 -40 -62 -10 -92 88 43 14 95 38 -96 -43 2 7 36 89 -49 -15 -74 -25 4 11 52 23 -28 62 92 -79 63 -89 74 3 18 -15 -43 -40 -57 -11 16 -94 56 60 71 11 58 68 -77 2 -8 22 -43 -12 -3 -33 -66 8 -57 17 84 -9 45 -72 83 26 -57 -23 -61 -46 47 
-6 16 74 31 -34 -66 43 77 95 43 61 54 -90 -37 32 -45 -41 -25 -87 -44 33 8 86 -38 55 1 -81 -45 71 79 51 73 -74 44 -82 64 22 -70 0 -77 -68 85 -6 -28 -31 -85 15 18 94 60 18 -1 54 45 -38 -45 88 81 -17 20 -88 -71 7 99 87 -21 78 -37 -58 -9 74 -60 -33 -31 98 34 -6 -86 34 82 -66 4 35 -92 -25 83 0 -14 -54 -26 -87 -83 -8 70 66 6 -81 -50 -1 0 
39 40 22 7 -85 -74 -96 -52 15 95 0 -81 -59 -56 41 -17 -10 13 43 57 -34 89 -91 -26 -5 -26 -59 91 -65 -99 32 87 -51 -7 -34 -38 73 -15 -4 -3 74 31 2 -99 4 -45 -9 64 -79 -72 -32 -62 -99 82 -1 7 73 -48 47 96 -37 55 -19 -56 -77 -41 65 -83 25 -43 -5 -93 -48 74 10 -36 -58 18 -10 80 69 64 74 -69 57 92 8 -92 97 9 8 7 71 81 -98 -64 -9 -46 -28 -98 
87 -65 88 -82 97 99 -86 36 -87 -28 28 41 -66 76 -19 34 -46 91 -49 17 -59 0 -83 -57 -30 50 12 57 -97 21 -67 74 11 -78 -77 44 -47 -5 70 21 63 14 -81 36 39 -60 21 -19 -90 9 41 90 -49 -58 -63 15 -79 -85 7 -64 20 -35 -93 -47 -48 -49 -55 -18 -69 29 -44 -53 -11 -72 -65 -42 -38 -15 -89 -81 51 -37 -36 -72 -44 71 -88 17 -76 63 17 -6 -86 -38 14 15 60 34 -11 44 
97 90 -34 55 79 21 -18 -83 -59 -33 -38 88 -30 -60 38 81 51 54 95 -72 3 95 36 33 -19 -81 -1 33 -31 -86 51 86 37 -15 -73 99 -75 -82 -94 -89 -99 -47 -62 88 -29 17 -53 -46 -74 16 -35 56 -26 -9 63 -1 -12 -84 -83 -31 -28 35 87 65 -16 11 0 -64 87 30 67 71 50 76 -28 -45 -22 -67 57 -28 39 48 70 -35 93 54 95 19 -48 46 56 89 16 27 -22 43 -42 -81 -56 -65 
36 -90 95 -40 0 71 7 -19 -45 42 -78 13 0 -70 91 -65 -69 20 -26 65 -7 -3 81 -21 -85 -1 31 74 62 -10 -13 -97 50 -27 0 44 -50 87 35 -34 -43 96 -42 -25 47 8 95 -22 -19 91 -42 80 -29 84 -21 -71 -1 -66 95 -92 2 48 78 7 71 -12 50 34 86 0 17 46 94 -23 79 20 24 24 -82 82 7 -80 51 -98 -14 64 58 50 -51 34 44 -17 24 0 -68 -71 55 -17 39 -6 
90 -27 8 -87 56 18 -9 -74 13 -18 44 -24 65 -26 68 86 -62 -28 59 73 -27 -65 -8 -58 5 -45 29 88 40 -51 -15 -12 -93 46 -92 -29 -84 -39 33 88 -4 43 -82 42 -14 2 -59 -84 -14 33 -11 32 -77 50 -85 -71 77 0 65 -73 21 -85 -77 -56 -67 69 -39 -91 -95 14 -50 9 -85 3 -57 65 -4 -77 -38 -4 43 -50 -36 -38 -25 -49 55 3 63 -12 -87 60 61 0 66 -66 99 -77 -92 5 
-11 -99 5 83 -48 73 96 18 -15 63 -8 -54 -15 96 12 91 -52 -91 66 62 81 -70 12 70 -7 -55 20 54 51 -69 84 -59 -14 97 94 17 -96 -67 87 51 -2 55 86 -13 64 -69 -26 27 99 -95 -80 -47 33 19 58 -27 -51 -99 64 -44 -93 55 78 43 -11 46 -59 -9 82 -95 -26 -18 79 -2 -20 -99 76 90 -83 46 52 14 -45 84 84 -13 40 37 -3 -75 23 -63 24 -33 -87 -51 -50 85 43 17 
0 -97 29 25 -44 -76 -6 -87 -72 34 -94 60 -29 -75 -87 79 26 25 81 79 -96 17 -25 11 74 88 1 97 53 -82 51 87 -20 -5 -90 78 -60 83 -79 23 -87 54 75 -83 -96 -51 -19 -22 -97 6 81 89 -4 56 51 -45 -4 41 46 25 46 -76 65 -35 75 -70 -69 -92 -96 -96 9 80 -57 7 30 46 -30 71 40 78 46 -47 17 44 51 -94 -5 -26 -68 64 77 -76 76 -80 -26 84 -11 87 52 -13 
-28 66 -64 -6 -30 -40 -33 -23 -93 -1 -63 -19 93 67 56 -32 90 80 -12 94 0 86 -51 -50 -24 29 9 -74 -2 -89 -9 -14 52 83 64 71 -58 18 -79 55 45 -96 -96 16 54 -37 26 -54 -3 22 33 -15 25 -51 -34 -49 34 -76 54 -52 1 -74 -90 -37 -76 67 -80 38 71 -87 -48 65 73 26 73 -4 -94 -78 16 -84 27 -93 38 38 -9 21 -95 19 62 -28 -46 31 64 67 -32 13 -65 -93 25 46 
-56 -88 -80 -47 19 43 9 -45 36 63 -95 -92 -14 -36 20 -48 -42 -14 -75 -46 -84 46 -28 69 73 99 -66 48 -21 35 53 -19 -90 28 -71 9 -2 76 -93 99 98 51 33 -68 -60 49 22 -51 -91 -73 -30 -44 83 -30 -20 -36 -3 -87 -53 5 -30 -86 -34 -66 -55 64 -48 24 -81 0 48 -26 -74 86 21 -34 22 9 60 60 74 60 1 -63 0 -33 -37 62 56 -62 -41 -10 93 -99 -72 -95 89 4 1 49 
35 73 -82 94 34 -41 95 -59 -92 4 75 -91 -41 -82 93 -23 -21 -90 72 -59 17 -66 19 64 68 23 -47 74 -59 90 -66 42 48 -21 60 -59 24 -21 90 52 2 19 -95 -92 -55 9 -54 -47 56 46 -5 72 -30 -8 -63 63 66 69 -4 57 -69 20 -51 -66 54 75 7 85 -52 61 -61 -11 63 -50 -15 69 24 -24 93 43 11 -92 -44 67 9 4 87 44 -43 39 -26 -30 -35 42 -63 49 -29 61 53 -7 
-32 14 -48 -81 40 -56 44 60 -97 28 -80 28 -53 -85 52 17 -21 67 -91 65 7 44 53 -39 48 69 -57 91 -31 -48 -27 -35 -9 -63 84 -30 -3 54 48 21 4 -44 -50 -87 -42 68 26 72 -64 33 6 20 -91 64 59 -26 -44 -27 46 52 14 65 -73 37 0 -45 87 -58 -18 39 36 56 73 29 -32 -40 -22 -62 -53 -41 15 -11 -2 83 51 -48 -53 -47 0 13 86 -24 12 47 -17 -55 56 -32 -58 75 
91 -56 -23 98 75 70 12 91 0 -93 42 94 30 -84 -67 4 -68 -28 -22 75 -50 70 75 75 -72 -37 30 -95 91 -93 -28 13 -28 53 53 9 82 16 89 57 -28 -56 -45 82 23 -51 -56 -71 -98 15 -6 -38 -68 -37 78 89 -51 36 16 -99 -28 29 -19 73 96 45 70 94 -27 59 59 -35 65 -61 -82 77 3 21 10 64 -41 -38 -10 71 -5 -15 -22 98 -83 99 -45 81 -35 17 18 21 -92 -16 52 -62 
-98 -26 55 -99 -47 -56 -20 -72 -90 28 27 68 -24 52 43 3 55 -29 91 67 -14 40 -7 42 -32 4 86 86 -80 7 -15 27 -1 -91 -40 -92 -10 66 -52 -93 -40 29 -12 -11 65 -18 92 -28 96 -78 -2 -42 53 -30 21 -74 -54 -95 -15 -55 -16 2 -33 43 25 -6 22 50 -27 -90 50 -85 -63 21 64 3 -2 -28 -47 88 61 82 -10 -32 -66 -95 48 14 -81 97 -8 40 32 -84 -26 -95 -32 -17 50 39 
-22 28 -37 58 48 35 35 54 26 45 54 30 87 -6 47 38 -15 66 -72 -49 63 -13 -22 5 63 86 -56 88 76 24 -97 31 48 -49 -78 17 -62 -20 81 -50 -93 -74 -16 81 43 -30 58 -10 -23 -11 -68 -85 78 -88 -41 98 -78 24 -21 -78 60 -18 -19 2 21 7 -97 81 47 -65 -77 47 79 86 -22 -97 -90 75 14 -82 -48 22 97 68 43 60 91 29 -3 -27 -25 14 18 44 29 -96 -57 -71 11 -35 
-41 85 48 57 -17 70 45 51 47 17 79 25 68 91 13 40 -45 14 -9 -63 44 -55 -58 -4 12 31 -70 -35 -57 -43 12 0 -34 5 -15 80 19 37 -17 29 -63 16 62 -81 74 -85 67 -39 -54 95 90 -79 27 -59 -22 72 -93 -41 76 -6 -67 -2 77 -76 19 -32 -75 -31 -78 64 39 85 63 -70 2 -73 62 84 43 66 -4 -42 45 -57 -67 33 30 -94 -77 95 -8 -63 21 -59 -21 28 -49 -74 -64 46 
26 -74 38 43 -82 -66 -97 91 -69 -73 90 -57 -83 56 71 82 64 -68 -1 -6 63 16 -16 -81 54 57 92 -20 98 10 14 52 -95 72 34 -9 -82 -46 -35 -2 59 87 -85 32 -80 -4 96 -54 -10 -81 15 76 -15 1 -41 -59 -99 -81 -33 -52 -36 -95 8 12 12 -86 97 89 -57 -33 -43 -68 -36 -68 -34 85 79 35 96 -49 48 -31 17 68 79 -33 -98 -35 -65 -45 -35 -24 53 -82 89 -60 -89 -93 78 -50 
9 -60 18 -79 79 56 44 74 56 61 -92 -47 -54 35 38 -21 54 -87 47 -31 -18 40 -96 -32 -56 -46 -91 -94 -11 -64 62 0 -65 41 -39 93 -76 -95 96 51 -60 -59 27 -48 63 -75 12 71 -74 24 -11 -32 54 71 -34 -88 -45 -24 85 97 56 96 -77 76 -37 12 -87 -99 -30 -93 22 -32 18 28 -71 32 -88 -82 26 37 42 0 -68 -99 53 75 79 28 -88 -35 -8 -44 62 -12 68 59 -37 66 -18 -29 
27 31 -18 -55 -88 69 95 -2 -42 -98 -72 -18 12 -20 -95 -78 -43 -12 6 -40 48 64 -38 1 -48 79 74 31 3 -14 48 28 -79 48 -75 94 92 -67 32 -84 87 63 -69 -92 -94 -35 -85 -82 -37 48 -25 48 -10 34 -16 47 62 22 16 -78 -11 38 -28 57 -43 -5 -98 0 83 -49 -20 83 -5 42 58 -39 -39 -94 47 33 -49 -67 -78 5 -44 -13 -39 94 -20 13 82 18 72 -22 -75 88 -81 -32 2 49 
61 96 -32 -96 52 86 81 32 93 68 23 -41 73 27 95 49 -32 2 1 2 85 87 0 -71 35 87 47 74 -53 -74 -24 -94 98 -33 -69 37 -59 -36 93 32 -6 -90 1 -20 -35 -41 67 14 -29 96 17 71 11 12 -69 42 -53 -19 -53 68 20 2 -28 56 50 -11 -79 28 29 47 -15 43 -85 -7 24 -96 86 21 74 -42 -39 -96 24 -23 -36 61 74 85 72 -41 -20 93 48 -73 90 6 56 42 2 -28 
-43 5 49 -96 66 -79 25 -17 -94 -20 -10 19 -86 -89 70 -92 -59 -82 -30 70 90 -74 -98 -88 57 -26 -73 15 -3 9 35 -68 -67 22 10 -1 -91 25 -29 -35 71 92 45 -5 26 61 -33 -7 -42 42 57 -76 36 73 13 91 80 99 10 -99 53 -69 31 66 -64 35 -54 -12 -83 -35 50 51 62 -17 54 -60 -16 -27 -84 -6 30 -14 77 -71 48 93 42 -19 53 -75 87 79 -56 -9 31 49 64 12 48 -85 
70 -30 51 15 -82 -74 -10 -91 85 -89 84 0 -9 50 30 -79 72 78 -59 -54 7 92 63 88 -62 -74 -87 -99 -49 -60 1 72 23 -96 -83 -2 -79 -96 -36 -82 -46 4 60 4 23 -95 -66 22 37 47 -96 -42 76 -14 77 38 -38 -65 -44 42 -62 -52 -41 51 -22 -18 -84 -47 -87 -17 -28 -69 -32 20 -74 -48 -13 47 87 -79 3 64 37 25 -26 -4 -19 -84 -15 -77 13 -40 -71 56 -39 -76 25 -19 20 -90 
-97 -85 -58 88 82 50 -56 -6 23 -70 -83 78 81 -22 19 -33 14 73 4 -38 87 -34 58 -49 0 -54 51 -77 -51 -71 62 55 -45 -87 -77 -51 -5 -25 66 4 42 -97 6 -3 17 41 98 40 -88 -70 -47 -20 16 75 22 15 63 -51 34 73 30 81 5 39 -59 -75 -2 70 -42 -54 -62 8 38 -48 40 -85 -35 -16 -85 12 75 2 -12 22 -88 -81 5 -52 17 79 13 96 39 -27 98 -95 81 -22 40 -85 
76 -60 -86 57 25 -47 26 34 -10 -68 -59 87 -67 91 -86 -95 -69 -99 8 -85 35 -23 85 -26 -38 50 55 -77 -34 -67 75 80 45 25 98 35 -48 86 -91 -68 -92 -11 -35 58 16 -63 93 91 -52 -62 94 66 -47 74 -76 -31 45 88 -98 -8 25 97 9 -30 -51 0 -4 -99 -1 18 -20 35 -81 -18 -43 -57 -3 -3 40 -75 -52 81 -89 -30 67 -94 4 -53 -55 98 -61 4 26 -29 -54 71 3 -50 -54 -39 
-14 93 83 33 78 47 15 16 -20 -53 24 16 -25 -81 7 -96 76 23 -75 -78 -58 -7 -92 -9 -3 -78 60 92 -95 -22 -89 -6 52 -72 -82 -55 94 1 -13 55 29 -26 -5 -14 5 -65 -49 14 -98 -49 53 -8 88 56 -53 21 46 -93 -91 2 69 -51 40 -28 -69 -93 -94 74 -76 24 31 66 80 -89 88 53 -31 54 -1 66 27 46 -98 -64 30 -4 -60 -86 80 34 36 -1 -8 -94 -24 72 1 65 -10 6 
2 47 21 3 60 53 67 -13 -31 -40 -19 -34 0 17 99 74 -74 -47 85 -26 64 -50 50 -71 13 -94 27 -32 63 3 -97 -76 4 55 40 8 -94 -71 37 -90 -17 32 -25 60 -39 44 1 -94 54 -90 40 -71 82 -20 -98 11 94 -80 -82 85 -40 56 -73 64 16 -9 -71 -72 82 -81 77 41 -52 43 36 87 -22 10 -1 -16 43 91 -16 -52 58 -13 -4 -88 2 -43 -33 -1 14 5 -40 54 -92 56 31 27 
-72 -30 0 19 -72 24 49 -21 -66 7 -43 96 -23 30 50 81 72 0 -43 -82 -16 57 -32 -61 -33 61 -38 38 -35 45 90 -76 43 -58 60 -46 62 80 36 28 -45 -83 76 78 75 -88 -91 53 -57 38 -13 68 -15 7 1 47 53 -27 -9 -20 11 55 55 -11 65 32 51 41 -92 26 75 -74 -57 37 -50 -82 -65 -96 85 -55 73 22 97 2 37 12 13 76 -58 -91 -39 -20 -22 18 92 57 52 72 -87 -64 
-60 -81 90 -59 -69 50 66 92 -17 -8 -62 99 16 -32 16 -64 -1 -97 68 -93 -9 60 44 71 -46 -55 -28 -40 57 -47 20 -29 59 -73 -65 65 -58 -14 1 20 0 52 -27 -7 61 59 90 46 45 -7 42 -1 47 -57 -90 -85 -2 57 8 -5 24 -48 -62 -66 89 -83 45 42 82 -79 53 31 82 -43 -75 -38 -56 55 -46 -52 -71 77 -92 99 12 -19 25 -43 52 53 -94 60 57 -99 90 -3 18 62 -79 -96 
-75 24 -23 -69 -47 -6 -25 9 96 17 72 -90 -4 -4 33 -31 -4 -89 -20 -70 78 54 -63 -56 31 -73 -59 96 69 53 36 -81 12 95 -59 18 4 -43 13 4 -73 77 1 73 50 81 -91 -68 -44 80 60 -12 -87 -29 -67 -77 59 38 58 -24 -80 51 -9 -28 99 53 -86 82 -92 23 -27 -86 -9 63 72 -33 99 41 -39 88 52 49 -32 77 -56 -35 31 58 6 -85 21 -41 21 -57 -2 -87 -22 -69 -49 -47 
-47 -1 71 -61 -59 33 1 -55 26 92 -12 -55 64 78 -28 71 9 44 94 95 -47 -6 94 -82 -91 -82 99 -40 21 -88 0 13 -61 -34 49 -93 65 86 -39 -32 53 5 22 -29 -93 -66 -84 12 -66 -65 2 40 -65 90 22 42 64 71 -48 71 75 -15 -54 0 -90 87 -71 -46 70 56 31 14 -70 65 -25 14 26 -15 65 23 -64 -29 32 59 87 -68 40 -83 97 -65 -12 -32 14 -75 40 49 38 -68 15 -48 
-14 7 -65 5 6 75 -84 38 18 -95 -6 40 19 -13 95 62 -92 75 69 97 94 -14 72 -87 56 -7 -18 8 58 9 -23 33 83 8 50 67 -39 16 44 -21 -11 71 -4 10 -61 36 -49 80 -13 -8 -69 -3 33 27 -29 -32 54 77 -19 37 -81 95 -59 -22 -34 95 -93 -74 62 -56 -96 -35 35 66 -19 -97 -93 89 13 40 -20 -13 -40 -36 23 59 -59 -4 -61 44 -29 40 29 -82 58 -39 15 -69 58 21 
27 18 55 53 18 72 -21 -26 13 -41 0 -36 -41 19 -68 -20 84 -31 -18 -83 41 -82 -73 -3 0 21 -71 95 -54 -75 39 51 -90 14 -71 -83 4 -19 -10 -21 75 -99 -20 7 56 -28 -27 48 35 -58 19 42 66 89 86 -68 75 -43 17 45 -2 -7 -5 -34 40 25 -82 30 3 -10 -4 -77 98 80 85 -31 50 47 -87 88 66 -91 11 -35 35 58 -78 81 64 -15 -90 -27 52 -62 -7 41 -31 59 -53 -51 
17 95 -5 -68 -38 80 -96 22 -98 -92 96 40 71 -17 99 -19 92 76 -14 88 69 -78 -72 13 89 84 -66 40 -95 -65 95 48 -58 23 91 -1 -86 -44 -80 14 32 -22 44 -36 -9 -56 -7 -81 -19 45 -82 1 7 -69 -40 79 27 52 97 -41 71 62 86 89 -12 -2 14 40 24 77 -22 -95 80 98 -13 44 22 -89 3 85 -31 9 -53 1 26 -83 93 -27 -38 42 30 -82 -24 -57 29 19 78 -34 2 -72 
-94 2 60 35 82 92 -83 -88 24 -19 93 0 70 -87 -4 30 26 76 -60 -82 40 93 53 81 61 -81 -65 -7 -57 85 -6 -91 -7 16 4 -7 21 -89 44 -60 -12 25 -19 -20 86 -67 50 66 -46 -33 -49 -63 71 -42 95 -83 -85 -34 -24 65 80 -45 3 -71 -71 22 -78 -51 19 -77 70 76 99 -32 57 -35 54 84 -9 63 27 -93 56 -72 48 -76 -29 36 -79 39 -67 -26 -51 81 -88 46 -18 5 53 -76 
-2 13 30 -35 -94 17 77 44 -74 -69 81 -33 -79 19 -9 66 3 -40 -35 43 -14 51 -23 -4 -98 18 1 -78 55 -75 61 -61 -45 89 89 -55 19 -99 43 -97 33 1 56 -12 68 -92 79 -49 88 -71 90 -65 -83 1 -76 -1 -46 -49 -58 -81 -26 89 14 -52 -55 -14 93 18 54 15 61 48 21 -21 -62 -52 -40 21 15 -69 -9 96 -79 70 -41 42 59 -17 98 4 20 75 -91 77 32 -3 58 -87 76 50 
9 0 -90 -99 16 -40 -47 -14 17 35 -70 -94 -33 21 94 66 -12 -95 5 84 -37 -44 -98 93 -91 -85 -80 -48 96 -7 22 -81 54 48 55 16 -9 85 88 34 -10 -31 -67 -4 98 47 29 9 56 -57 -34 98 -21 -64 -51 -19 -7 96 46 51 68 -77 78 39 -9 -10 7 -88 -26 -18 -48 -36 -72 -96 30 -14 98 59 79 -99 -69 51 14 -58 30 35 -45 23 -5 -93 -52 -71 -46 38 -64 28 -2 -49 -94 -91 
33 -6 44 -24 59 4 41 38 8 -40 8 33 20 14 -22 42 26 -82 -26 -69 -95 -62 -52 -50 -90 -93 -64 29 63 -14 24 -42 -69 14 -28 -6 -33 80 -4 -15 63 -5 -98 1 -56 84 -67 99 -7 9 18 -39 57 -91 89 -54 -48 -86 -21 -26 4 -28 66 -67 -91 65 -51 -10 -65 61 73 -12 -51 3 3 -76 -13 -76 -92 -82 -72 35 77 -43 17 -71 -68 -60 43 -22 -64 -82 -53 -40 -77 -51 88 56 37 92 
33 -62 -5 57 -4 -59 2 -96 -35 -5 -83 25 -4 0 -87 -29 1 -94 -88 66 92 68 63 19 18 -73 -73 -14 93 -62 6 64 -29 -8 -53 -14 17 72 -85 24 10 -32 78 14 42 -87 -62 59 15 -69 85 -92 -53 -41 29 -12 -97 65 11 28 59 96 76 26 -62 98 79 85 -36 -7 19 64 49 4 -29 99 -19 -14 18 6 -91 0 -45 80 -20 36 -71 -59 -5 65 30 8 -99 -31 -66 -25 62 37 37 80 
-23 -12 21 45 4 62 62 34 67 -42 -61 86 -47 7 -57 99 -93 10 31 -25 -83 -56 -27 -40 34 -14 -92 -67 -33 37 41 -10 28 28 50 93 -15 -41 9 -46 78 -14 -24 81 41 93 -32 -47 67 46 7 -56 -53 65 -38 77 91 27 18 2 -20 -47 -90 -58 24 -70 60 65 1 50 8 -65 -24 -30 -50 21 18 37 70 -74 -50 -20 -22 -79 91 -83 -41 7 68 -65 -7 -40 6 -22 -44 -62 86 77 5 -39 
-9 16 89 -72 30 -47 92 -20 -93 21 -58 -89 -34 87 47 -18 -2 -45 -81 11 -51 99 -64 -83 -63 -9 -93 89 22 -94 -99 86 -63 -87 -78 83 -93 39 82 0 66 37 -13 -82 84 -56 -17 80 72 24 -33 -21 -98 34 87 -41 81 -71 88 23 56 -19 42 -46 97 -80 -81 -49 -63 -95 92 75 -3 -26 -99 -39 -68 90 37 45 69 -49 -66 -91 30 21 -53 -52 -2 83 42 72 44 41 -46 82 -27 -78 58 68 
82 -97 -85 60 -83 20 -11 -22 89 26 -55 -49 81 81 -96 -49 -2 -89 -61 -21 -96 -46 13 -76 73 -10 49 63 11 26 29 42 -85 -20 82 -86 -94 74 82 11 -76 -73 59 -84 79 -66 14 3 94 37 71 12 -2 -2 61 -53 -68 -15 -67 12 -73 25 -45 2 -68 -7 98 7 28 65 16 -85 94 14 56 94 88 57 90 -32 -90 -21 71 -17 65 46 51 98 -59 6 40 84 -89 19 -35 42 17 -91 -67 -38 
26 -32 80 -67 -35 42 79 -4 -16 39 11 -35 14 -8 -56 -57 -11 -66 -45 -5 -4 -56 -7 -87 -55 -49 -47 -33 54 37 29 11 74 36 -51 7 -75 84 -44 -59 -77 91 -98 -80 -30 -51 50 -89 -50 -49 -61 35 57 -80 89 -58 71 -83 -30 -26 42 -76 -94 -62 10 -59 79 -56 -88 -76 -48 -81 -75 86 -3 92 33 21 11 -52 19 -47 73 59 -65 53 -69 -49 87 6 89 81 2 75 -78 19 43 -98 -2 -88 
32 85 90 53 -31 -89 91 77 0 53 -79 39 -34 -17 16 85 28 76 -29 -60 -62 -2 -56 -99 -22 -22 83 35 17 -49 35 -85 -13 56 38 51 -75 7 -16 -33 -57 -92 67 -92 -75 22 9 -81 78 57 93 -7 35 64 90 99 -2 96 1 -92 -32 81 57 73 -9 -68 -83 81 -69 -2 93 42 -34 -17 97 -93 5 2 58 -57 54 95 -62 42 -28 -19 -13 62 -26 2 54 75 -81 -88 69 -98 -96 -46 90 27 
-17 -65 -23 -6 -12 17 -16 81 50 94 50 -37 -44 22 -79 -13 -57 -84 -20 -75 45 91 -48 -59 83 -49 -30 74 68 5 9 -15 -9 71 16 8 -73 -41 87 4 -64 94 6 -50 59 76 26 -8 73 6 -12 -14 -55 -12 -18 96 8 71 -96 6 30 66 3 -97 -82 -27 19 6 93 5 -5 -51 10 87 -96 15 -19 74 -98 -19 -18 -25 31 -60 20 -32 -47 -27 6 -88 -13 -88 81 -75 22 10 7 -6 69 69 
-69 -62 -98 -39 -95 81 31 -80 60 59 84 -94 -98 54 30 39 87 72 -68 49 -47 33 92 61 86 57 -51 -52 -89 41 94 -26 -79 7 86 67 -51 31 -89 72 85 -39 68 -28 -44 -88 52 -5 -67 -60 -33 -29 -56 46 -86 -26 -71 83 -59 98 -54 -1 -89 43 38 19 -65 86 74 50 -59 -5 36 -4 -93 -35 18 -32 -67 -80 28 91 10 42 -55 92 -87 -67 -58 66 -24 45 -92 -89 35 -78 28 79 -69 -36 
40 -3 16 -35 -44 -71 8 51 90 -5 53 -14 -62 85 38 40 -98 -33 -78 80 60 75 -15 95 0 -46 26 17 -47 11 -60 -96 95 25 84 -82 43 44 -77 60 77 -64 -11 49 -4 -92 42 84 8 -86 -48 50 -39 -71 0 -54 -92 64 -36 -90 2 -38 17 -54 18 -26 -54 43 -9 -40 -3 -74 -13 -24 -4 73 -18 5 35 -82 -30 78 -77 22 95 -19 26 -91 86 36 46 19 87 -24 39 37 70 -53 8 -70 
-67 -99 97 23 15 66 75 -82 -92 3 -57 -22 -90 -90 -65 74 -37 90 -30 -1 7 -97 59 -82 -37 -50 41 35 -77 73 97 0 17 81 -37 97 -21 79 13 33 -50 16 -20 44 -22 -93 45 -71 -67 33 32 62 23 -48 48 26 -40 48 -29 -97 -11 -25 6 -91 23 45 56 35 -11 -85 42 -76 -89 76 38 8 96 60 81 -21 8 86 -35 61 -38 -40 -52 43 24 17 -15 -54 60 -47 -7 -90 86 40 82 -59 
18 41 6 -88 -52 52 43 94 10 -90 61 -44 -2 76 40 16 59 46 -73 73 0 -50 24 -50 -61 37 29 -91 -29 20 -73 -13 6 -94 54 62 -91 68 21 2 -28 -27 63 40 -75 -4 -55 -1 43 -53 1 -44 76 -58 -49 -52 27 45 11 -20 35 -7 -9 33 -91 -51 -79 24 -70 -73 -48 20 32 36 -98 -77 -66 -39 -55 -26 -86 -9 -41 16 -96 22 51 -20 84 81 94 -55 75 16 21 51 -70 7 43 -72 
51 21 -94 57 -20 -84 -78 1 13 60 91 9 -16 -75 -88 -67 -20 -38 -89 -1 -90 58 90 -46 -58 -91 -91 -19 -90 -77 -27 77 7 76 97 -77 -50 -84 -64 -50 85 -44 11 -68 49 -62 16 -5 79 -71 -41 -37 53 -32 23 90 19 -85 43 -93 53 18 -98 38 -84 -51 -88 -61 20 33 -29 -94 44 22 -94 7 -19 97 -84 75 -6 -33 67 73 36 -46 -86 -83 -75 7 12 97 -65 11 -2 -99 -68 -33 -84 26 
75 -62 -52 26 -60 2 43 -50 63 39 91 -65 57 9 -52 94 -68 60 -74 -90 -83 24 99 36 -52 -21 -26 -91 -64 -60 -4 78 6 60 -31 -12 -74 -33 94 -14 60 27 9 96 -60 99 -35 29 -34 -28 51 -57 55 35 32 86 20 34 -79 -78 55 -4 44 29 47 7 -48 9 50 -23 -73 -43 -84 82 39 75 -5 44 74 -31 -89 -5 -30 95 87 -37 -36 -96 94 -93 7 -96 -57 88 -16 14 12 58 -27 -22 
12 2 -73 25 71 87 -40 70 69 97 -4 -4 66 84 -86 -46 21 29 -46 63 -53 -93 -51 -49 62 -56 37 21 54 86 30 41 39 79 -63 60 60 -53 64 -85 7 -30 -54 69 46 1 -77 64 84 49 34 17 79 69 6 59 49 51 38 37 -27 78 49 40 -39 -21 66 52 81 26 -65 85 69 -54 64 72 -46 70 -74 2 -34 46 49 -16 70 34 94 12 -8 30 92 -32 -11 67 -7 98 -16 -36 -48 7 
36 -29 -82 75 -37 -43 2 8 -53 20 78 46 -95 33 -38 47 -20 -34 -95 -81 -61 -84 53 -23 2 60 95 -65 73 2 69 -25 6 63 72 -69 93 -44 -47 -9 -75 -93 -57 -99 98 93 61 29 96 -88 -76 -26 -10 -90 95 88 19 90 -42 58 36 -38 -91 39 39 -19 26 -76 -62 -81 80 -28 -24 98 25 15 48 -53 -54 36 91 32 86 -34 -28 96 62 9 -63 48 -10 81 96 -88 86 71 82 6 -17 14 
8 85 8 -40 -56 86 -35 -51 -83 90 70 75 -35 39 -80 -88 6 -19 -84 0 -88 -37 -28 -97 -9 67 50 6 -43 -91 47 -35 -43 -81 60 85 -8 22 50 -63 -85 -33 -96 70 -98 -95 -88 22 -36 -11 -13 -10 92 31 -46 -4 31 -68 93 10 34 99 34 93 -26 -28 84 52 -63 83 13 97 -65 58 25 -63 -42 -11 -16 -82 -94 -71 95 29 -59 15 43 -80 -67 30 49 -22 2 52 41 -82 -82 17 44 29 
11 -12 -51 -49 85 -70 39 -56 28 -48 80 -46 -68 89 -2 94 74 -96 -28 -9 -35 2 -52 -21 93 95 27 -64 -49 74 -27 -68 6 10 90 -47 69 -77 61 -41 -54 -38 59 4 -11 -4 82 -87 -44 85 7 -26 -34 -37 -99 -9 7 -35 -24 -25 -25 -38 -14 54 -98 73 56 -30 -22 46 52 -34 54 85 -87 79 -2 -97 10 -65 -25 -37 -5 59 -66 98 -27 35 -77 41 29 3 -80 -19 80 -23 -2 20 96 -34 
18 -33 -14 -47 45 -96 70 -46 -44 -39 -9 66 -41 -83 0 55 -81 87 75 23 83 -52 45 -99 4 45 97 -65 63 64 41 4 -21 -43 46 97 -62 69 -46 51 16 15 0 20 -76 -72 -97 -49 -78 -11 -41 3 -23 5 84 -25 -53 95 -65 46 -50 32 -41 90 -10 73 44 12 19 25 94 -27 93 -35 -35 -80 -95 -16 -13 93 -1 -92 97 -96 70 -7 -57 59 47 -26 42 36 4 77 -17 -77 43 -5 -7 -8 
-34 -49 14 -76 14 50 -58 25 56 76 72 66 58 -90 -94 84 81 23 16 63 46 91 -8 76 8 78 -20 -49 -66 -62 -44 -1 76 -44 64 4 90 39 -4 -51 31 52 -17 59 71 0 29 -95 68 40 -86 65 -70 -27 91 34 -27 20 -22 -90 -2 94 1 79 -71 27 -74 45 -34 -97 70 -65 -89 14 83 15 65 77 67 73 53 -40 74 -5 -3 -46 -6 73 -50 -30 22 -91 -76 -56 24 14 17 -87 -21 32 
54 83 45 55 -76 67 24 -75 49 -69 -9 -82 6 -38 66 47 -72 78 -50 19 -52 89 7 90 56 -76 -70 74 -72 -59 20 -81 82 14 87 -91 25 62 -69 -49 11 -78 45 -57 -79 3 -7 84 -42 66 38 -21 -81 -95 21 -6 -54 -63 -70 34 97 4 55 23 -10 -51 -98 53 67 37 59 -76 35 -97 5 -93 47 50 16 58 73 38 -18 53 -37 -31 88 42 -98 8 93 -7 -3 -18 43 -79 45 91 -34 -85 
3 -24 -24 -36 8 30 -16 -96 71 -96 81 -51 31 -63 78 -99 8 -14 -95 -52 7 60 94 -63 -83 70 5 -1 -40 45 -47 91 91 -28 42 -45 -48 14 -23 -79 -1 -20 6 -7 -35 -84 -21 -44 -79 59 71 49 39 38 -71 13 -46 -67 -9 -90 47 -73 -19 -55 63 -11 -66 -15 -83 -57 -96 34 69 87 51 42 35 2 40 28 59 65 -53 -30 0 -38 -90 -31 -69 6 12 -77 22 -96 94 93 -35 42 -13 -2 
-72 -33 -35 95 54 -59 -89 28 -11 -56 38 82 -22 -36 56 -14 23 35 58 57 79 -66 -52 -79 -39 -63 -94 -24 -52 -25 -42 -70 -19 44 -27 8 22 -43 -62 -77 -90 14 72 -66 -18 -74 54 24 48 -18 60 45 89 -36 76 -73 43 -91 59 32 63 50 17 -39 -8 62 -72 25 -15 28 16 19 12 -93 82 -27 -89 38 -63 2 78 -94 5 -15 -86 -35 3 83 -67 -39 -28 -54 11 -55 66 -57 96 2 -32 47 
-58 -39 66 28 37 -97 16 -99 -4 70 78 -53 15 -88 7 58 -90 28 -59 -56 67 20 -30 15 -44 -56 65 -51 -94 -25 47 12 2 -39 71 -21 -42 -84 -21 80 -65 -61 64 -25 -39 -37 -92 26 -15 -37 31 2 -79 -49 4 65 1 56 -99 85 3 23 96 9 -10 -73 63 2 7 -1 14 -96 -78 48 23 -23 13 44 -44 18 46 -25 68 77 -9 -26 -90 14 88 28 66 -43 4 -13 -88 -21 -88 -12 22 -2 
-81 -53 9 67 34 -74 48 31 27 22 65 39 63 -38 -64 9 21 -92 -40 53 91 61 80 -49 -20 25 -79 8 -40 -93 -59 -88 80 58 13 -12 58 4 -70 -64 -42 -30 73 19 -70 -12 -52 -98 -18 -87 39 1 -57 43 7 97 82 -91 94 73 -68 -27 92 -85 -96 80 57 -9 40 -61 -31 -43 -36 96 32 80 36 -48 -90 -8 -45 -82 82 76 -8 -27 24 77 -3 59 -84 31 -10 -58 57 18 4 30 -71 71 
22 47 22 -92 -77 71 40 -64 73 -41 93 63 4 67 -78 -79 62 -80 91 -55 74 77 93 45 71 57 -14 67 0 75 -87 -74 89 -17 12 58 88 11 -97 -87 4 69 -86 99 49 -48 -91 -48 57 47 -38 -64 73 -82 52 10 -5 51 -22 69 32 29 -90 -89 85 -49 51 -49 47 82 0 22 75 73 -85 40 93 43 61 77 48 95 7 94 2 16 -43 -16 -62 -17 17 8 -29 -35 -93 26 -42 -68 -40 -64 
32 -34 36 -69 -84 -85 -13 23 -18 -53 -26 -64 -64 -84 77 -18 -35 -89 -95 -94 -80 70 -48 99 -18 -43 33 -73 -40 -22 89 43 42 31 50 -21 -28 48 66 2 18 -74 -86 69 -35 49 -35 74 -91 89 -37 36 36 -97 -34 16 -42 -31 -25 -97 82 72 49 89 6 90 18 -80 -89 -20 81 59 -98 -52 -45 -32 -69 -94 -98 -15 -29 -65 -21 -94 20 -21 44 70 5 21 37 -72 -27 19 -87 51 45 -62 -48 93 
72 78 -37 96 -90 27 -47 -82 50 -60 0 -45 -65 0 10 -72 30 58 36 49 23 47 -65 95 29 55 27 32 -92 68 -67 -74 1 -77 -79 15 18 56 42 17 93 31 87 53 77 -19 -29 -26 -17 -29 68 30 -94 -90 58 -8 18 87 58 99 -22 -80 -24 -49 96 -93 -19 75 77 -42 -76 34 97 -2 76 -7 29 13 42 -4 -94 59 -12 -77 36 84 -91 40 76 -13 66 -26 -42 -55 45 65 -26 52 73 43 
92 -94 26 -22 -54 -30 -42 -4 -74 -30 47 98 37 57 46 -95 46 58 -92 25 -6 -16 -48 8 -57 -64 61 -70 -73 29 13 -67 -13 -1 89 35 16 -77 -67 -86 66 -12 83 -19 -38 74 -68 92 32 -41 -52 -15 -74 30 39 41 -50 76 63 -45 7 -60 83 0 -42 -37 12 51 -89 72 34 -4 79 -4 65 91 -58 -11 -94 97 -74 -20 -36 22 62 48 -81 13 47 38 3 61 5 26 49 -28 25 30 11 -64 
38 13 16 92 86 -42 10 5 -59 83 -94 2 48 80 -4 74 31 59 -79 51 38 -83 54 -50 39 54 78 9 -32 57 62 4 87 27 23 -72 -42 -75 77 76 -69 -17 82 -55 -71 68 1 40 64 -2 52 46 -53 -22 -33 87 -45 5 55 99 -70 -20 -54 -94 -44 30 20 86 89 -86 54 10 64 -78 -55 -88 -38 -61 -30 -36 -21 -2 88 -29 41 97 34 -55 -70 38 -57 -10 -36 -58 66 10 -54 -95 14 88 
-39 80 -87 -59 -45 12 -20 49 -44 94 -57 21 38 -13 -10 7 -98 -15 -80 47 96 82 2 -54 2 -40 -17 36 61 57 -67 73 -81 -72 7 91 9 64 74 75 40 -35 77 -75 -54 16 85 18 68 -25 72 -40 -40 80 92 63 -20 -51 -77 -69 -68 57 94 56 -65 -6 -53 82 90 -9 11 97 -67 -41 -85 35 67 26 -91 0 -20 -62 6 98 -64 77 -86 -2 -15 -18 -8 -55 45 18 -68 -77 93 93 81 -19 
2 44 -45 -47 62 -68 -51 -93 -67 40 -29 2 77 -41 -94 72 74 -55 99 -71 -41 15 66 26 -74 -56 7 -31 -39 37 6 -88 13 88 -89 -54 74 10 -45 29 48 -6 74 -54 -19 5 -71 58 35 47 -72 74 32 59 -97 -28 -8 -90 91 90 -38 96 61 31 -66 -34 10 -88 -2 -18 -10 5 87 86 -82 62 -38 97 -2 80 19 -12 -93 23 97 -98 -95 88 87 -52 -75 -66 -35 -65 18 38 -26 87 -71 -33 
-46 87 41 -72 99 -18 -17 -32 -35 43 -42 -34 46 -69 -93 -82 26 -39 -84 38 94 35 28 -51 -38 9 -86 -47 -94 71 -70 -5 -30 -37 77 72 -24 18 38 -50 -54 -18 12 64 19 -55 -11 45 22 -64 78 -10 75 75 -59 -41 53 -65 40 24 -5 -51 79 -88 9 -30 29 -66 70 -25 -58 -26 -67 98 -28 70 23 -75 43 2 -85 -46 13 21 -60 11 -45 -88 -62 96 -4 43 8 -66 52 79 17 97 -31 -69 
-47 -59 19 -70 -71 -47 -82 0 87 -92 48 -32 83 4 -36 69 -62 24 -98 21 84 58 -33 -62 24 93 -85 -10 76 56 25 -23 -92 -57 78 -31 16 52 -73 58 -92 89 20 -2 51 9 -60 28 57 -47 -42 28 49 -19 -96 81 -90 -57 2 -10 -17 -98 -82 -74 -11 93 86 3 -72 66 98 -8 -63 34 11 2 75 -50 -24 -52 -31 -93 52 34 -57 58 15 -71 -17 -57 -7 88 -66 88 87 -32 -90 65 -24 -8 
-6 -20 -65 87 -91 -24 70 -93 -89 23 48 -65 45 2 31 -36 -61 85 44 4 67 -50 38 6 -76 69 -36 -91 88 8 -90 68 66 -35 23 9 47 97 69 81 -10 91 -80 36 70 -11 11 68 56 -7 76 51 -62 -53 -85 2 -21 74 46 92 34 -15 6 87 -64 31 81 44 -84 57 78 -16 -34 -65 -63 14 92 93 93 16 84 47 26 39 -1 -73 31 -70 -39 -42 -4 -72 -26 -46 99 89 83 66 9 -14 
-64 -61 -73 -44 -27 -10 54 -81 55 61 -32 -22 41 -74 58 -2 -76 62 47 -4 -57 -54 -46 -77 26 -33 -54 -10 72 56 -28 45 43 40 95 34 -56 8 -53 22 -73 22 -40 84 21 23 -19 46 -85 39 -34 35 37 -74 -32 -44 43 21 -18 -2 -45 -94 -72 -97 49 56 -5 24 -57 -89 85 -89 44 -65 -99 53 -42 -30 -26 42 -27 -49 0 86 7 -55 -49 -53 57 -88 -57 -63 92 30 -28 54 -7 -66 -6 -29 
-27 21 -57 -26 97 -39 -80 -87 52 -54 98 98 -54 -35 -35 87 -84 47 34 -56 -92 -53 26 20 51 64 21 -67 -92 -70 96 -1 88 38 -30 79 19 35 -55 -80 -15 31 39 -55 -34 78 2 -31 61 -62 70 39 0 -33 78 9 -45 -76 17 12 26 81 -75 -31 -22 -25 68 -30 -6 -34 -42 93 3 66 -85 61 -48 -87 -50 -36 -18 39 14 -8 -92 27 -25 -62 -70 65 71 83 -57 -53 98 71 40 -96 -29 -21 
-2 -18 41 -70 56 -97 -74 45 17 -9 29 28 83 37 58 56 -71 -20 1 1 -70 71 -76 -82 -85 35 34 63 -26 -68 -26 -57 -49 58 -15 3 94 -15 -14 -59 -43 -8 -92 81 96 -14 -34 49 79 -95 -63 -52 -76 55 -46 81 73 70 69 28 -81 24 18 -12 -96 11 -38 2 85 -51 85 -87 -8 55 38 -73 33 74 -77 24 42 -29 -78 97 76 -83 -93 -4 35 0 -32 -27 -83 87 -82 -77 18 -8 97 -72 
43 27 18 -99 34 81 0 6 57 22 4 46 46 -70 -59 78 -11 36 51 -29 -81 31 -34 72 42 -2 -98 9 5 -94 -95 -11 -69 -38 66 -10 18 73 -72 -33 89 -26 -7 5 -86 25 0 98 -67 -87 69 -62 -30 54 11 28 47 -36 43 32 -55 40 -25 33 88 26 20 62 -98 -40 -8 -80 -11 -59 39 31 -76 77 97 13 46 -81 -19 -54 8 -61 32 -15 56 86 -16 66 54 83 69 -63 -33 -8 -4 86 
68
89
27
-82
-3
-40
37
38
-42
29
0
55
29
-89
-21
-67
68
-33
-12
51
89
7
-55
-91
64
59
-27
87
-60
-36
-50
-17
-79
1
-10
54
-47
86
-73
60
-47
98
-97
-64
78
-16
-69
96
-49
9
-45
98
61
-35
-58
39
-66
59
-85
-87
27
-47
-85
91
21
-57
28
-54
48
96
-22
40
32
-97
-80
28
40
-65
70
24
82
50
18
-54
50
45
-24
-61
-55
-89
73
45
-53
68
-74
-20
63
-28
33
48
