-98 -26 55 -99 -47 -56 -20 -72 -90 28 27 68 -24 52 43 3 55 -29 91 67 -14 40 -7 42 -32 4 86 86 -80 7 -15 27 -1 -91 -40 -92 -10 66 -52 -93 -40 29 -12 -11 65 -18 92 -28 96 -78 -2 -42 53 -30 21 -74 -54 -95 -15 -55 -16 2 -33 43 25 -6 22 50 -27 -90 50 -85 -63 21 64 3 -2 -28 -47 88 61 82 -10 -32 -66 -95 48 14 -81 97 -8 40 32 -84 -26 -95 -32 -17 50 39 | -73

0 -118.755 -38.9796 -22.8367 -122.327 -26.8571 -27.7347 -82.2449 13.6939 49.4286 -32.4082 7.89796 60.9184 124.51 -60.0204 -46.4898 44.0204 -113.265 15.1429 35.0612 -107.714 -12.5306 7.14286 -40.8571 46.2245 -6.65306 120.959 134.959 -55.9388 31.8571 16.449 64.5918 -85.8367 -96.1429 48.5306 -162.98 -102.367 129.224 38.4898 -66.8163 -109.469 -48.7347 48.9592 -93.2041 133.388 -81.0612 90.9796 -20.4286 174.327 -28.2653 69.3265 -23.1429 42.3469 -27.102 78.5714 -114.918 -113.184 -94.4898 -79.551 -34.0204 -86.3878 26.6735 -72.6122 37.9796 -47.0816 -12.0204 116.408 48.8367 5.40816 -10.3061 57.8367 -156.122 41.2857 31.5714 109.551 96.5102 86.3265 33.5714 50.6735 41.6327 -38.9592 47.6122 62.6327 -43.7755 9.77551 -33.4898 91.1633 109.714 -126.776 87.1633 33.3061 117.469 -62.2245 -51.2857 -56.7551 -37.4898 -9.77551 -105.224 -25.1633 -5.36735 | -118.082

-2.22045e-016 0 165.738 -152.95 146.006 69.2059 -83.1841 33.0833 -177.055 -39.8044 76.0068 95.5094 -132.49 29.813 63.6911 71.1451 -29.8238 149.265 20.5541 50.4744 8.464 44.8043 -94.5122 10.5898 -92.6932 58.4857 -1.36948 33.2466 -126.53 3.58558 -92.5167 50.0611 73.7781 -87.4758 -148.506 83.2098 20.0491 -42.255 -4.71146 -12.003 108.684 75.8918 -127.966 95.3649 -2.23071 -15.8558 35.1932 -28.7051 -134.075 -39.2803 -12.1956 69.8795 -33.3581 -64.5308 -102.634 34.542 -42.9895 -99.2529 52.6873 -87.5933 69.8704 -53.0084 -68.4388 -36.9963 9.11471 -45.4109 -121.81 -9.83485 -96.9807 -43.2538 -42.5102 -12.6619 -97.5505 -76.7739 -89.4386 -110.919 -103.805 -64.7573 -168.309 -33.7568 134.049 0.481526 -91.3327 -67.9395 -109.842 11.5029 -113.004 -51.9474 -53.8777 84.4625 -14.8055 -57.6178 -11.4394 -74.5324 33.0141 -41.5302 38.8424 96.954 52.0516 82.6035 | 109.776

0 0 0 204.625 -39.2853 -63.3221 64.4204 80.6931 131.886 37.5179 8.9576 -109.165 40.8433 -32.4413 39.3562 0.110975 -8.10161 -9.30884 -48.7406 -60.8898 -41.9417 41.2243 44.285 7.86401 -10.9621 -13.9307 -129.251 -17.4552 111.977 6.88482 57.4828 -53.6196 27.277 74.8929 113.119 71.0825 -55.3924 -13.6243 -88.3831 -26.9012 70.7301 -47.4853 45.5552 14.9508 -70.2525 4.66723 -17.213 -24.3442 26.0518 52.4101 -22.0579 7.48701 64.8143 8.72771 -62.7682 -3.11622 53.1797 87.6654 -51.7844 14.3996 54.2427 103.387 164.42 17.0353 -10.3802 73.2742 112.057 -78.4025 122.928 -47.0433 43.397 126.045 -17.3232 -10.1239 43.7338 3.60031 42.3319 68.5756 151.768 59.6345 -20.3496 -61.0059 66.1809 72.5611 96.0064 -29.855 85.1209 -60.7141 59.9605 -146.545 -53.908 -44.805 71.3605 131.74 48.6087 -2.15118 -84.686 21.8862 -103.454 4.78598 | 7.16449

0 0 0 0 292.905 192.187 -104.159 80.8716 -66.0008 -165.171 -55.7924 119.861 -22.2493 -101.191 20.6658 27.0864 -74.7222 247.049 -55.52 -60.2942 182.231 -64.6797 -15.8086 -68.5282 -37.4225 -14.2301 -24.7796 -201.304 -75.946 -95.5695 -14.6113 53.3641 25.3462 -38.8623 -206.626 129.322 97.4371 -171.094 143.81 137.33 158.632 -32.9121 -103.19 99.7531 -76.8495 87.8297 -9.33449 75.0787 -359.446 -29.3055 -74.4329 68.2438 -111.649 77.2559 -61.3536 166.674 119.818 -13.3 146.343 87.4217 98.5723 -20.4046 -54.1495 -52.5604 -49.4749 -128.494 -211.312 33.3707 -139.413 41.6091 -187.867 94.2141 34.4693 -122.095 -152.044 -200.327 -157.423 -78.7634 -240.951 -147.335 120.368 -69.3896 -120.687 -2.16239 -141.527 52.4765 -197.82 -116.65 97.5191 66.7841 25.3847 -10.1106 -6.94873 -31.9123 144.076 -4.38712 185.521 89.8006 88.6816 -77.1892 | 284.867

0 0 1.42109e-014 0 0 173.201 -53.2073 72.1893 -105.339 2.7867 34.1301 119.261 6.8212 68.2132 -126.712 -18.1085 -67.8514 157.692 -74.2827 18.8852 -97.1055 56.9018 -35.6969 -103.727 42.8084 28.6708 94.4554 37.6912 17.6615 6.31375 57.9169 1.36661 10.4452 -55.5743 -31.8824 101.655 37.7398 6.26452 43.4404 2.29834 126.244 -93.1457 -103.916 69.0658 41.6418 15.3021 83.0929 76.7047 -159.901 37.347 106.553 -23.3499 -55.2546 46.8591 -17.9431 -55.5555 10.8888 1.09218 43.3925 -48.936 30.1037 -75.5394 -33.9055 -110.97 -41.0428 -104.675 -153.5 -17.5194 -71.5834 52.4244 -95.4918 14.9578 -8.24674 35.6033 -124.866 -2.80015 11.6414 -38.8611 -102.215 -28.9888 39.2821 -24.4868 -124.967 52.0752 -108.971 83.8976 -75.8517 102.501 -15.0102 147.302 36.0296 -26.6043 6.35231 -41.9862 -7.27418 -46.0906 129.028 57.7289 97.3933 -64.8018 | 25.5318

0 0 0 0 0 7.10543e-015 -165.628 17.6667 -31.1543 -84.3545 -142.878 95.1197 -1.57882 89.6837 16.9191 -84.6603 38.0222 124.755 82.6891 3.95754 -1.5573 77.6899 103.315 -140.859 -42.0349 -27.8947 105.474 9.90364 -112.005 -73.7748 94.9448 -17.1663 13.5423 -162.842 4.25255 -103.705 -101.133 -12.6743 125.453 -33.5905 45.1098 -186.638 17.0302 -83.0587 -18.5989 29.4423 204.658 125.695 -74.8594 -33.5412 49.3432 31.6322 -64.6444 154.571 21.7384 -140.556 79.959 -146.421 -1.04075 -76.1164 -85.7203 99.4019 59.3776 66.2591 29.7338 -96.7747 48.2374 116.779 -4.75193 -24.4381 -74.0772 -73.4538 17.332 56.5143 120.006 -85.6461 25.0944 -9.72726 -120.034 77.2799 44.5335 34.6316 -109.581 83.051 -41.6631 -39.8422 -16.7643 -55.5805 -31.9896 238.644 99.209 175.023 89.4997 -13.2971 90.8883 -106.275 23.4471 70.1584 114.03 0.144773 | -11.4243

0 0 0 0 0 0 0 -192.301 86.611 -132.01 -93.2259 -77.0223 41.1916 -82.6475 149.939 43.2937 -5.14981 -19.2347 25.7831 10.4713 98.374 -21.7616 37.8507 139.282 37.0725 -125.818 -39.9192 12.5948 -186.125 -105.905 -29.8767 4.02203 11.4755 -40.1048 -2.30645 -257.617 12.527 60.9354 -4.86581 -29.2435 -119.791 -29.9353 112.228 -128.239 -42.5148 -2.21803 -11.844 45.2491 34.8483 -39.8095 -66.06 -14.9239 -54.5781 -108.939 90.3735 59.7937 -75.9084 -148.802 -63.1212 122.89 61.0973 58.86 -28.6467 127.751 -28.2403 -52.467 -25.686 152.528 25.5902 -8.85816 79.784 -168.02 88.4837 -166.037 108.876 -134.492 -5.3049 39.9438 -27.5866 40.8063 93.6782 88.3798 61.8326 -36.2359 -54.0084 -131.026 111.878 -26.3978 -122.358 7.05413 98.8986 106.137 -50.2491 -78.9531 77.7918 -91.676 45.1868 -5.96299 -51.0219 -93.9671 | 90.9387

0 0 0 0 0 0 0 0 -259.614 75.8751 135.329 51.4072 -90.0881 92.9355 10.2215 -51.0956 -5.02902 -17.6551 96.3777 7.31018 -134.086 16.9208 -29.7898 -48.8581 29.1649 104.655 98.3325 214.664 -98.3987 150.369 -50.4697 95.9504 42.5989 -167.365 17.5662 -14.0372 -47.6529 35.6941 106.275 -29.3508 84.6857 -17.2817 -203.015 -40.619 61.9636 -42.4692 113.139 -59.6485 59.3312 16.5221 100.104 79.258 2.46212 17.226 -108.91 -86.9258 12.2541 -17.1339 -2.24223 -107.97 -112.36 -8.5601 -98.8464 -122.395 45.3978 29.329 9.5457 63.3442 -116.928 10.1647 -93.6314 -59.2957 -26.342 30.7919 -29.7168 117.467 44.6166 -64.7542 10.6179 84.823 52.968 -79.5078 -130.601 56.3079 -66.0575 25.5578 47.1316 118.35 -126.752 227.933 -37.3895 -9.47299 -14.0679 -17.3672 -106.281 -24.3702 -18.162 79.8209 137.296 65.2196 | -26.617

0 0 0 0 0 0 -7.10543e-015 0 0 -198.947 -61.5143 -38.9213 -51.8715 -36.6424 90.3427 46.3466 26.5364 5.84152 9.95077 1.77551 125.339 15.1068 58.9979 -16.3733 -127.499 -56.2689 -19.9238 -177.471 -54.6544 -176.855 79.8605 -50.5616 -50.442 33.4781 48.8653 -175.26 -13.4178 -152.301 135.898 -62.6802 7.34338 -73.467 127.372 -89.2288 3.3248 -53.5192 117.265 12.5009 21.2505 -119.132 15.172 -26.2246 -132.565 60.3526 -42.2185 40.2991 16.5679 -140.147 -48.9127 -8.09209 -33.2556 191.202 40.96 50.5328 -59.3035 -62.8947 127.821 125.815 57.4901 -1.3214 28.3165 8.23238 88.0578 -94.1381 36.5235 -182.807 -79.9596 30.1094 -58.1188 -68.4244 37.4986 113.932 -74.7899 79.0364 -53.4093 -29.5885 57.2525 -137.184 109.632 44.1023 81.8376 201.183 -71.727 75.7479 151.529 -43.8978 85.4961 -73.6802 82.3678 11.6899 | 16.454

0 0 0 0 0 0 0 0 0 0 235.19 56.9838 -101.743 30.4086 -101.259 139.923 -120.009 27.2247 -57.2374 -27.712 -235.845 11.2313 -46.5233 5.07101 18.8512 124.79 -4.26704 -18.3403 10.7849 -33.8934 120.898 -27.9299 77.2275 110.552 62.0399 159.084 4.40816 27.4621 -101.936 -157.33 64.7163 49.5418 15.6787 0.124712 34.9561 -14.2303 25.6265 -104.802 127.902 -40.2488 173.968 11.9007 1.36056 -90.7219 -18.4033 -21.0698 -122.521 -43.992 -42.6811 -84.4116 49.8873 91.7297 -55.3214 -129.313 -78.8628 2.70128 116.8 -122.296 44.4613 -23.6197 12.8074 161.18 -31.3168 68.1317 -177.241 107.633 -28.8333 -54.8473 36.5226 -70.873 -39.9162 38.5074 -7.68837 24.6661 -86.5148 101.534 18.7051 1.34302 -45.4966 12.47 32.7236 29.0552 -119.724 19.2474 63.4773 89.8349 47.6194 -132.476 -46.4585 30.5018 | -102.383

0 0 0 0 0 0 0 0 0 0 0 -203.531 -8.38712 -8.4171 183.023 -105.128 38.007 -128.201 27.8909 -84.4725 165.942 31.9036 -61.7692 -48.9844 20.5721 -111.431 -106.481 221.24 -43.7148 140.741 -107.055 9.29226 -1.42742 -48.5116 -54.1469 -135.598 -65.1926 -68.7461 168.199 99.8822 -55.5513 37.707 -97.0207 10.8348 25.8608 20.0754 -84.6142 -71.4651 -87.4749 131.845 -15.1761 88.907 -121.359 -30.7153 -171.259 -37.5907 109.582 27.2631 35.0596 4.75235 -139.311 58.5546 -23.1716 -1.0044 132.019 87.4212 -106.79 208.693 -150.524 62.0765 -63.0172 -229.158 44.4928 -88.4494 178.355 -95.8877 127.359 84.6937 -4.06701 144.586 132.953 -53.6244 -60.1201 82.2379 -8.21568 -85.4648 90.6927 80.2603 -57.5809 -41.0283 -13.1251 -51.0847 18.1669 -25.5074 -49.0271 -134.869 -59.6118 65.6752 -20.555 -23.9442 | 107.574

0 0 0 0 0 0 0 -1.42109e-014 0 0 0 0 204.821 10.4415 -129.104 -92.0448 28.3194 58.3449 -108.943 121.983 -65.3036 91.9912 -40.8586 8.31239 165.448 -82.592 148.431 79.0692 -97.3312 99.2307 31.8609 59.2808 -32.9803 -202.822 -28.0343 -74.4057 46.6568 172.71 -171.065 59.2395 -71.7155 -121.225 -77.4332 -13.3246 58.677 64.9759 119.208 53.8477 65.476 26.8944 -105.595 7.11015 88.9234 -68.7857 64.3517 63.7595 -103.707 -73.9294 -73.9031 61.9966 218.44 -133.145 -20.6621 126.428 -121.369 -161.481 -58.4444 11.0466 75.7186 -3.54287 70.0926 -104.093 -89.9003 20.6736 30.3902 -34.1545 126.622 84.0039 -33.7902 49.3124 -41.2763 47.4897 72.6422 -110.234 48.8294 -64.7481 -26.4271 138.752 -164.122 -28.7086 6.53659 -66.6335 -24.7389 -6.61317 -140.968 -66.034 4.81687 45.2817 -100.364 -155.296 | 78.3367

0 0 0 0 0 0 7.10543e-015 0 0 0 0 0 0 -201.473 -48.7634 -27.2113 11.0539 119.765 4.04603 84.6857 4.25664 -37.9186 -24.6397 188.403 102.161 18.6198 -13.4068 -29.7932 -44.4899 -107.563 98.897 -59.3929 108.189 -11.975 33.2117 57.359 174.49 126.066 -149.243 128.275 54.1637 47.6822 19.6372 -9.06696 -31.3753 180.536 -8.97185 51.1773 29.1637 -52.4784 -120.793 31.4655 149.768 -47.2293 19.5553 226.39 -86.2949 50.3417 20.4977 33.3614 316.893 -0.811009 46.9595 0.391677 -123.976 -132.444 -173.152 -15.0829 102.41 -97.8528 84.8066 81.7386 -53.9866 56.2784 -38.2053 -121.969 5.23881 -12.8759 -125.87 -80.3835 -6.70455 -30.2171 10.574 -115.528 89.7458 39.3945 -131.16 -62.4676 90.6341 -159.414 32.8439 -169.955 61.7434 96.0452 32.5851 25.6925 37.0298 -58.5683 -143.436 -123.625 | -7.45723

0 8.88178e-016 0 0 -7.10543e-015 0 0 0 0 -7.10543e-015 0 -1.42109e-014 0 3.55271e-015 -284.644 0.933645 -66.4144 95.3603 -113.464 -11.4534 -141.249 -7.63943 78.6627 -270.392 79.3673 -38.7467 162.312 10.6533 -27.2484 163.193 245.791 -51.9048 13.0274 70.0388 10.9033 192.034 -62.0396 105.713 -35.1943 34.9654 -124.34 -101.219 -29.6368 8.75392 -7.99387 -13.4213 115.439 -40.4245 5.85811 113.747 133.291 103.351 -29.3528 30.4171 108.512 -71.2505 -18.5332 32.6941 -57.9202 -147.645 -58.3178 -52.5149 5.81425 -73.1598 25.0528 -13.5185 173.166 -19.52 54.473 11.0328 -10.3767 -34.2024 -128.899 301.314 9.64265 132.851 230.249 96.0906 106.583 -14.1624 -180.675 133.877 -38.2507 112.718 24.9234 53.1264 -114.868 130.486 -33.7985 50.2715 48.6707 -2.72492 12.2215 -2.3011 -89.3237 2.94622 54.8955 9.32097 52.3533 -106.468 | -49.0554

0 0 0 0 0 -8.88178e-016 0 0 0 0 0 -1.42109e-014 0 0 0 -242.773 151.322 -69.7086 196.937 -104.186 192.63 33.193 146.212 -30.9032 82.3684 35.7793 -17.4782 170.801 -62.3775 186.251 -86.3709 -26.3027 119.793 -161.465 -19.3647 53.0403 30.3731 3.58383 33.2912 84.5971 45.2226 33.3446 -207.745 85.3572 16.0429 38.8366 -37.6578 -63.5903 -7.81368 93.2344 -144.092 86.0081 141.859 34.4148 -59.3559 44.7852 148.687 132.579 31.1096 38.6433 -11.3411 97.2364 -29.1866 -81.3051 157.457 -14.9313 46.4202 73.2037 -12.7105 18.9342 -85.137 -34.3807 38.3093 131.877 85.8594 -10.7587 189.294 71.5143 40.4842 172.611 87.5898 -27.7219 -53.4032 136.31 100.15 -41.1476 -91.586 -53.0895 -12.6203 -6.41073 -42.1509 -62.4009 120.503 47.7904 -120.985 -39.9091 -124.337 25.0022 -25.0276 -76.7376 | 57.0351

0 0 0 0 0 0 -7.10543e-015 2.77556e-017 0 0 0 0 0 0 0 0 -197.391 -30.651 -221.674 76.3574 -127.3 -28.4176 -171.917 -154.351 106.593 -70.8945 -58.9492 20.7371 69.2572 -47.7705 119.261 -68.0676 -134.178 91.5069 74.887 -19.6745 -163.046 71.1317 -43.4774 -114.719 67.0135 -35.2306 144.1 -53.273 35.7438 31.3762 -8.38578 71.3219 -78.9949 94.8501 230.747 -137.512 -82.6085 46.5898 62.0358 -37.3501 2.34116 33.282 -39.1985 -99.9272 37.0428 -120.185 53.5179 79.9144 -161.16 20.2564 -96.2543 -66.9213 -72.0691 32.1455 57.6745 32.688 95.1016 -82.6227 3.58649 1.08959 -20.3741 -21.5926 -48.2947 -42.5471 -19.9687 -28.6182 114.645 -74.6192 -24.2315 140.197 149.35 120.549 -35.2309 -32.7767 152.747 136.012 -138.937 -51.9385 82.1855 40.523 155.282 17.3153 20.0177 -118.396 | -41.1295

0 0 0 0 0 0 0 1.77636e-015 0 0 0 0 0 1.42109e-014 0 0 -8.88178e-016 307.271 176 130.277 -22.3696 231.367 -16.6634 197.165 -50.123 109.003 -50.5815 21.5414 11.7853 -257.941 6.47921 -13.6409 189.607 -60.5575 151.168 -96.6684 222.304 -2.53453 35.2219 5.26344 162.064 -178.341 13.597 3.93426 21.2913 110.913 88.3935 149.659 -149.438 -110.79 42.7261 -91.1281 37.1008 65.4451 -63.7592 3.3677 34.9984 -158.526 -55.9201 -17.3773 93.468 29.0025 121.027 60.2711 -105.729 -285.583 -99.7911 -20.434 115.234 23.2485 -14.6768 133.665 -72.8587 47.6738 43.775 -259.916 -98.0893 -113.548 -308.122 22.0615 158.217 -89.0212 -260.777 121.451 -111.927 46.9755 -93.5035 -85.7577 175.53 88.9693 139.209 -5.96321 46.8611 63.9186 107.561 -14.2923 103.831 57.7127 9.82915 -32.9107 | 23.1281

-7.10543e-015 0 0 0 0 0 0 0 0 0 0 0 0 0 0 0 0 0 -391.079 174.1 -171.188 -95.9862 17.9508 -95.9582 218.565 -62.589 17.021 -192.665 -165.683 147.78 184.466 -34.0951 -290.746 -101.373 49.7234 125.25 -300.448 181.649 -384.116 24.4561 108.143 -47.7138 143.889 -117.903 -137.392 -86.5102 147.493 65.5551 49.3627 5.32976 -124.494 -22.0083 31.9404 49.5604 60.651 121.712 -169.464 145.547 -116.769 79.5791 246.21 -197.954 -24.18 244.859 -153.791 89.2806 -36.2182 -57.3007 145.101 -49.4213 98.9502 41.8863 46.526 -145.066 -161.128 54.0793 6.01262 52.4611 79.8165 -167.628 -169.898 125.412 387.564 -288.585 174.108 131.924 -9.56178 -44.1571 -253.237 -64.0151 -46.1001 101.463 -173.94 -45.6553 -0.0806947 8.15744 5.0463 188.303 -135.849 -105.033 | 143.793

0 0 0 0 0 0 0 0 0 0 -3.55271e-015 0 0 0 0 0 0 0 0 -262.749 202.951 -75.2342 38.8252 -215.297 -226.024 -187.201 55.6466 -53.0526 119.45 199.752 -7.69373 -109.72 83.8963 327.906 -121.471 222.581 94.0334 -304.826 208.261 11.8328 -211.752 85.5452 -27.3471 161.249 -117.649 71.03 -287.808 -44.0231 -178.487 147.275 49.1911 99.6459 -302.864 43.9747 40.2048 -163.218 211.181 198.983 244.292 -101.668 -438.299 -42.6635 93.5238 -239.729 352.014 197.259 70.262 147.467 -308.356 151.849 -147.575 -135.132 -40.7068 227.837 161.9 244.603 82.6515 49.7585 89.2378 222.114 -109.171 29.0944 -254.394 352.461 -76.0597 -101.042 -124.158 128.83 204.091 48.7676 -92.9132 -93.5235 222.197 -78.0433 -26.9271 -104.064 -26.6162 41.6595 221.247 11.6071 | -102.245

-7.10543e-015 0 0 0 0 0 0 0 0 0 0 0 0 0 -1.77636e-015 0 0 0 0 0 -303.17 94.3668 155.921 122.076 202.521 27.1763 38.1621 11.8277 -273.954 71.359 118.159 99.5705 51.0418 -354.65 -5.56093 18.7523 -230.888 239.26 -172.945 130.891 -7.24775 -120.938 -80.2164 -252.169 -65.8379 1.84069 344.991 56.7879 184.12 -25.4901 -26.1106 196.478 81.4775 -102.508 -110.725 -72.5726 -181.908 -93.7796 -180.56 111.916 147.734 -58.5504 -209.769 109.373 37.3869 -112.697 103.499 92.0865 291.468 -105.688 17.2301 -38.5209 12.0627 -88.7686 -185.071 -14.6076 38.8683 55.5223 16.721 -139.284 -140.648 121.388 59.6942 -55.706 59.6491 3.77732 26.2814 -59.7975 -356.084 204.566 -90.981 104.36 -90.7378 -129.201 29.6284 18.0064 -62.5467 245.911 -237.435 -93.0502 | 260.836

-7.10543e-015 0 0 0 0 0 0 0 0 0 0 0 0 0 1.42109e-014 0 0 0 0 0 0 303.809 84.9536 231.044 31.5422 -58.022 -152.315 -21.5763 50.4594 -119.273 -9.0474 84.0468 146.997 -158.542 -117.324 37.6164 67.068 27.6222 -112.525 151.033 53.8904 -81.8137 -34.8557 -23.8731 1.38277 46.1531 52.2104 139.229 -48.663 -94.8266 83.7981 1.68277 -134.539 -123.91 -213.094 -123.349 -109.56 -11.1802 10.8306 134.091 91.9688 59.2346 -30.6194 22.4928 78.1491 -56.8432 -44.2363 192.376 81.0291 1.86769 -63.6315 84.4592 20.9948 -73.9125 -186.463 -51.0265 -100.295 -36.5938 -173.65 -36.4016 -68.9788 25.925 -258.953 206.576 -125.66 15.1681 -116.437 -123.14 -73.7866 196.686 -56.7291 -38.1134 -76.1885 -147.48 22.9205 -66.9404 34.8675 239.255 -115.707 46.2579 | 135.41

-7.10543e-015 0 0 0 0 0 0 0 0 0 0 0 3.55271e-015 0 0 0 0 0 -7.10543e-015 0 0 0 -338.732 25.8636 -228.363 -35.535 39.0298 108.023 213.084 -360.304 -177.07 16.8216 -5.45276 207.554 17.3359 -323.035 292.475 -161.287 301.975 -97.4524 -17.5673 -16.473 207.94 29.9192 225.245 -59.8341 -225.718 42.6197 -143.487 -175.044 309.878 -259.423 -39.6516 126.332 4.71463 -73.4553 77.8048 -254.767 -18.3389 -130.842 -153.684 31.3941 163.672 -59.1457 -244.772 -131.171 -155.129 16.6727 -271.576 118.358 59.1905 94.3853 115.397 -85.1075 263.17 14.6084 -223.919 -100.381 -184.556 59.1885 118.053 -112.786 -268.067 -39.5048 -140.271 46.1688 44.0597 14.1134 423.249 -4.50537 212.642 62.2929 -72.4139 -26.8374 63.0839 130.158 158.947 -254.359 155.538 161.528 | -324.787

0 0 0 1.42109e-014 0 0 0 0 0 0 0 0 0 0 0 0 0 0 7.10543e-015 0 0 0 1.42109e-014 -337.181 26.9275 -93.6954 138.144 46.2856 88.9742 94.7508 118.94 -85.3225 -85.5926 49.2013 78.6472 1.88714 -79.3779 -23.8007 67.5944 -63.731 -4.46558 -112.402 -70.0834 81.7489 5.65052 86.3136 126.427 -122.956 -1.54564 133.382 2.89163 9.93348 1.59241 152.538 107.666 -139.811 250.784 193.894 -52.1245 -82.5755 -251.117 117.512 88.3569 -21.721 111.777 29.8977 120.235 -146.839 -11.752 23.6397 -106.918 -16.4909 29.0296 269.089 150.999 79.6592 289.927 34.8539 156.259 147.975 27.7323 6.95282 87.1817 131.626 34.9161 -113.739 133.217 64.5478 26.0947 -4.44864 14.8879 122.561 74.4911 181.826 24.6105 -131.231 -91.5303 -148.955 29.1693 -65.9673 | -22.2646

0 0 0 0 0 0 7.10543e-015 0 0 0 0 0 0 0 0 0 0 0 0 0 0 0 -1.42109e-014 -1.42109e-014 -327.219 228.368 7.15275 -41.9145 189.44 -140.952 -203.139 174.107 66.4512 125.328 34.1781 -105.646 78.0612 -82.3745 154.826 -133.168 6.41151 42.819 75.3547 54.908 49.6418 -243.79 -121.07 -20.9791 -118.468 -61.9307 178.227 -80.2319 100.891 107.769 -52.8668 0.263688 -53.5206 -223.315 42.7476 -207.225 -8.33693 -119.383 75.7513 -110.975 -52.1918 40.1206 -77.9877 -154.802 -146.276 -87.9021 -38.7145 151.724 -40.0439 36.5333 55.6326 70.4767 -211.032 -102.891 43.8033 -75.3636 70.7154 -62.8272 -142.309 -142.738 -32.041 20.8733 -105.539 -39.795 194.139 -22.78 11.8486 -180.74 74.6964 -55.0571 45.6149 258.617 -1.86093 -49.0116 194.332 288.08 | -213.58

0 0 0 0 0 0 0 0 0 0 0 0 0 -3.55271e-015 0 0 0 0 0 0 0 0 0 0 0 403.068 -163.848 144.485 -67.8039 112.033 -47.6744 57.3707 147.343 -125.711 132.686 -43.2924 4.18486 240.88 -11.4907 -18.6596 17.9153 52.3221 -22.8992 108.135 95.7119 -200.032 -162.368 -32.0435 -44.9518 158.837 -68.5072 157.471 260.314 -71.8924 -32.9873 339.618 -104.473 -208.243 -1.90378 -137.408 384.183 -47.75 -14.7951 -7.436 -83.3652 31.3657 -58.681 -190.678 -32.3671 -113.321 114.582 -28.7635 -197.915 26.3734 -112.638 -241.575 -78.8381 -106.625 131.933 -202.436 215.24 -104.772 285.466 -336.767 175.914 122.103 -74.8145 96.7818 -189.371 -368.342 20.0612 -305.942 -19.3713 97.4623 19.4007 328.801 5.47295 27.2914 -142.761 -1.78822 | 103.624

0 0 0 0 -2.84217e-014 0 0 0 0 0 0 0 0 0 0 0 0 0 0 0 0 0 0 -2.84217e-014 0 0 258.313 220.467 -199.282 128.169 -112.48 42.6132 183.895 -168.145 16.9068 -237.332 138.604 189.599 93.0826 193.257 -79.4618 -143.433 -177.901 41.1071 60.5104 -148.465 115.985 7.82718 4.5786 -36.4662 -107.707 248.424 134.514 -44.2666 30.0499 -17.9867 -47.9016 -80.6571 -79.268 -133.237 -9.87799 -66.4372 -58.9449 -153.758 74.8583 -105.228 -109.062 78.4182 -107.97 -109.783 -51.9084 -251.753 -99.7224 111.172 122.465 111.211 124.642 17.678 171.147 -51.2359 53.1193 74.2939 -93.7878 -97.6158 140.054 -179.45 -5.14745 35.501 -1.20897 64.7244 -3.62247 -136.373 210.935 -25.9609 -36.5952 72.5055 6.1211 -84.7465 7.45171 -88.2745 | 41.9931

0 0 0 0 0 0 0 0 0 0 0 0 0 7.10543e-015 0 0 0 -3.55271e-015 0 0 0 0 0 -2.84217e-014 1.42109e-014 0 0 -393.134 200.197 -121.376 -155.228 133.159 -287.413 -19.9448 -57.0008 194.679 -231.658 -155.58 9.66604 -142.181 177.69 115.274 -77.963 1.23142 -75.7603 62.8467 101.205 -89.166 -4.70869 46.5981 -47.3968 -224.484 110.641 186.622 9.64707 -161.037 52.6844 240.899 -123.452 109.069 -81.4905 -111.921 -173.569 0.230387 -131.745 50.2084 0.355407 -308.789 123.927 140.912 -107.624 313.754 336.39 -76.4607 -124.283 159.961 -162.967 -58.7745 -113.304 -214.39 -126.177 -30.4227 78.082 -121.148 -141.689 195.759 133.893 -45.6064 -55.4075 103.721 -121.073 213.726 -189.634 -102.228 67.2961 29.1449 -109.697 -95.0577 -2.27063 0.206262 | 37.4244

0 0 0 0 0 0 7.10543e-015 0 0 0 0 0 0 0 0 0 0 0 0 0 0 0 2.84217e-014 0 1.42109e-014 0 0 0 369.4 -5.81504 -39.7649 84.5702 29.6725 5.2576 -93.3709 25.9787 -93.9175 68.3288 -189.776 -153.256 58.1753 62.4846 -64.1686 250.474 102.237 138.216 115.383 -62.0372 128.136 85.7763 7.35563 2.80887 214.798 -37.2867 87.1932 -80.784 11.2195 225.758 0.295611 68.1544 30.5015 142.426 190.797 -86.8171 -87.8106 90.9533 -27.5601 -308.347 63.013 -203.087 -108.184 175.173 -70.0421 40.8828 3.56061 -22.48 169.195 -74.2202 17.3954 -1.12914 -5.28017 -84.7868 228.531 29.0961 -96.5341 -151.497 58.3557 -100.715 19.2121 -109.281 -32.5248 -162.028 80.5584 218.633 141.138 -110.003 -45.8824 -165.82 -45.9815 21.8466 | 15.6684

0 0 0 0 3.55271e-015 0 0 0 0 0 0 0 7.10543e-015 -1.42109e-014 0 0 0 0 0 0 0 0 0 0 0 0 0 0 0 314.734 97.4992 -40.2582 17.8764 -35.2826 -259.216 243.679 -121.26 58.1982 -133.74 50.9628 -100.942 126.484 46.0353 152.558 68.6285 117.189 33.6345 -89.4518 92.1197 64.5404 18.164 215.608 -168.863 -257.431 38.9991 -6.44629 8.55817 205.015 230.191 136.396 -68.6134 -137.427 6.61955 -1.0694 311.708 45.1442 146.222 57.921 119.635 -226.479 -86.786 -45.58 -200.053 71.3348 -26.9585 -57.7406 157.594 58.7026 118.458 51.9768 -229.77 97.125 151.84 43.2069 42.2996 -99.7775 -166.805 88.4521 -20.6701 -116.717 -129.689 -178.102 56.1685 -3.70818 45.2495 -58.7271 -75.4012 216.258 4.11527 51.3114 | 116.742

0 0 0 0 0 0 0 0 0 -3.55271e-015 0 0 0 3.55271e-015 0 0 0 0 0 0 0 0 -2.84217e-014 0 0 0 0 0 7.10543e-015 0 -367.399 141.365 60.5814 -110.586 54.2777 -115.728 -11.2768 118.019 -25.5268 42.5206 -140.778 -41.6602 -200.269 -43.3272 -55.8594 -291.664 89.4785 82.9532 -13.9773 145.242 -30.2436 115.807 376.572 12.2723 57.4386 -187.071 -110.602 -90.9703 -223.111 -44.2191 103.309 -200.806 -183.445 -202.562 -103.345 60.5877 -302.801 -194.023 -44.3292 167.844 -21.7164 -61.3728 130.802 -118.957 -21.424 169.181 -124.616 -5.32945 3.82933 -309.277 86.4412 -103.042 -16.0457 -189.377 -60.6051 31.998 74.3695 138.691 -277.355 55.8973 -109.901 -179.252 6.03226 -222.602 -6.28471 147.545 72.1838 -15.6436 -153.736 -77.7744 | 108.28

0 0 0 0 0 0 0 0 0 0 0 0 0 0 0 0 0 0 0 0 0 0 0 0 0 2.84217e-014 0 0 0 0 2.84217e-014 257.391 -182.822 -39.4364 -225.81 -159.14 67.6926 -124.929 249.353 -62.7187 -265.992 59.5232 37.7463 -159.924 105.498 -102.275 67.2119 0.382364 124.921 -20.2344 138.329 -17.919 -123.105 -20.0478 -52.7766 -69.0081 24.0113 -235.133 19.9251 122.31 -201.259 -89.81 -127.678 189.503 34.5541 -121.058 78.9418 138.63 -95.2401 57.8676 59.5063 -225.92 -64.6965 -157.678 153.417 -101.219 -72.128 -94.2587 -111.853 81.7894 -49.0808 -8.35697 -64.3847 -139.504 -225.967 41.2434 -1.68691 158.354 -127.886 99.9446 -44.9376 -45.815 -179.087 -13.7543 -4.071 -55.2595 -13.7788 -29.6491 105.937 134.576 | 69.463

0 0 0 0 0 7.10543e-015 0 -7.10543e-015 0 0 0 0 0 0 0 0 0 0 0 0 0 0 0 0 0 0 0 0 0 0 -1.42109e-014 0 -279.165 46.2557 -227.576 173.313 -104.307 -211.778 162.862 -237.064 19.0151 207.617 57.6879 -67.8029 63.616 217.28 -37.7494 -208.493 101.358 -70.7626 112.46 -195.574 -406.563 -86.8722 87.0487 -114.388 14.8859 39.1604 212.543 275.05 -268.506 125.27 -180.703 131.645 118.22 -89.7193 454.884 17.5839 92.8612 14.0656 8.70124 130.596 191.318 -43.7895 69.8428 31.2378 42.7748 63.4379 -15.3696 273.327 -175.915 119.002 1.40328 146.086 -120.69 -59.2553 -12.7034 -5.25646 100.95 69.0906 60.2751 214.009 -160.328 13.1364 -93.6808 -251.392 -141.278 -153.305 134.832 289.434 | -227.363

0 0 0 0 0 1.77636e-015 0 0 0 0 0 0 0 0 0 0 0 0 0 0 0 2.22045e-016 0 7.10543e-015 0 0 0 0 0 0 0 0 0 260.928 -26.6307 83.1505 87.4847 -103.498 -37.6521 149.29 -117.96 48.2354 166.981 -149.53 -210.968 -78.3814 -186.29 202.357 -331.939 -145.555 294.183 -65.6624 -270.067 -4.85483 -6.11402 -81.3023 -46.7607 -242.398 127.912 11.8608 -149.555 -594.781 11.6207 137.557 227.636 -181.84 -35.6622 367.641 -132.983 101.316 -18.9183 -67.4447 -76.1462 -128.563 -27.1853 144.777 -119.29 70.8279 -20.3552 97.1301 -77.1981 5.23328 -301.653 214.285 56.6474 74.6108 -393.806 42.0245 118.344 121.728 44.0179 -36.0114 71.0449 -504.739 -39.0128 125.51 78.0608 433.293 267.654 5.25826 | 75.5016

0 0 0 0 0 0 0 0 0 0 0 0 0 0 0 -3.55271e-015 0 0 1.42109e-014 0 0 0 0 0 0 0 0 0 0 0 -1.42109e-014 0 0 0 -429.539 264.936 -276.335 -10.9103 -85.4267 -118.189 -234.246 160.412 185.813 -114.251 34.0688 -57.6071 206.106 6.90483 211.261 23.5662 357.535 156.033 -45.4466 -266.446 26.5261 -179.327 -311.398 -103.816 83.0937 221.957 33.5892 -152.085 -72.3057 17.4741 71.0142 31.4281 124.453 206.094 148 -125.958 46.0816 100.336 -122.31 -217.1 71.9556 -13.6924 21.6064 133.444 -23.6673 -71.5634 -367.312 -17.5306 11.0912 25.9104 -243.358 66.7116 -141.081 183.055 -37.0746 41.0564 -100.134 -31.3777 -50.1014 -368.28 174.42 -114.98 140.837 211.233 83.479 131.06 | -18.7356

0 0 -1.42109e-014 0 0 0 0 0 0 0 0 0 0 0 0 0 0 0 0 0 0 0 0 0 0 0 0 0 0 0 0 0 -1.42109e-014 0 0 -344.189 82.5168 92.4995 12.1606 11.735 126.984 -130.735 79.4083 -23.1946 102.005 -268.423 148.865 218.539 16.2218 89.9903 -42.6471 115.364 362.114 170.283 -181.13 42.4065 26.8598 -154.372 -141.465 -33.6986 88.0669 -66.4302 164.667 78.7716 -292.189 -198.506 -302.212 -139.758 -88.1676 -81.8836 51.408 -158.641 17.0469 -143.18 57.8811 -167.694 -79.2646 -27.2658 -76.6058 -115.503 198.255 -111.285 0.0835597 -273.153 62.0767 50.4775 35.6715 118.77 72.5051 -120.497 -42.5425 -140.169 -31.4566 21.0643 282.423 160.922 165.729 22.201 -53.1167 -303.64 | 204.938

-3.55271e-015 0 0 0 0 0 0 0 0 0 0 0 -7.10543e-015 0 0 0 0 0 0 0 0 0 -7.10543e-015 1.42109e-014 7.10543e-015 0 0 0 0 0 0 0 -1.42109e-014 0 0 0 -347.264 134.251 -319.842 -203.013 108.986 -19.5903 -20.5249 162.085 74.9115 -271.62 193.236 46.1968 -4.55321 195.129 -100.497 144.844 570.72 79.4914 -51.4598 65.4975 -234.425 -122.675 -289.698 -226.464 345.203 -168.679 169.372 18.4191 -455.921 -15.4405 -348.873 -372.474 155.152 -188.948 193.379 57.4195 41.0483 -94.7123 -16.7903 -176.79 -58.7783 61.3717 22.963 -371.275 165.608 4.77095 301.045 -438.79 225.012 174.846 206.964 149.46 -25.9632 -246.189 2.91993 -53.4166 75.7892 -94.3854 232.017 220.853 164.16 -129.962 -163.033 -457.708 | 33.9775

0 0 0 0 0 0 0 0 0 0 -3.55271e-015 0 0 0 0 0 0 0 0 0 0 0 0 0 0 0 0 0 0 0 0 0 0 0 0 0 0 -246.408 287.833 -86.6246 -160.986 163.305 -4.75702 -99.0027 78.8444 333.288 -42.1138 -220.681 200.243 -5.32645 165.47 -119.89 -342.274 -137.633 6.05831 -111.939 91.8924 115.491 167.529 183.101 -302.391 211.558 -377.565 -248.704 164.901 -19.4013 229.144 40.7833 179.028 40.8656 -6.87134 93.5057 392.472 54.8211 -36.7475 -65.9336 -19.1303 -52.6154 -166.034 82.3138 -68.9096 184.97 -51.9518 143.224 -144.135 45.2255 159.286 -66.4817 -110.276 143.917 7.29295 138.429 -212.18 34.7669 -37.5473 -134.412 -196.922 -408.935 -100.13 284.274 | -169.918

0 0 0 0 0 0 0 7.10543e-015 0 0 0 0 0 -3.55271e-015 0 0 0 0 0 0 0 0 0 0 0 0 0 0 0 0 0 0 0 0 0 0 0 0 300.773 41.5987 -378.296 66.7797 11.0217 3.4779 31.7185 52.3383 -166.275 -135.032 24.9931 191.47 67.4553 -16.3247 -143.005 -78.1432 120.498 60.9047 -35.4188 9.62611 -1.64066 -74.7392 -166.753 88.5605 -187.995 43.6439 189.484 274.455 66.0756 300.244 -125.738 213.277 161.473 -260.83 -33.783 -75.4648 101.618 -45.1438 21.031 -88.5999 -152.133 85.8541 -74.1324 -33.7782 121.97 2.40254 -274.736 122.985 123.031 266.297 -390.041 105.535 -67.5933 92.9704 -145.914 -85.1123 -16.7317 -102.438 -151.797 -64.2837 12.1241 15.0883 | 111.313

0 0 -7.10543e-015 0 0 0 -3.55271e-015 0 0 -7.10543e-015 0 0 0 0 0 0 0 0 0 0 0 0 0 0 0 0 0 0 0 0 0 0 -1.42109e-014 0 0 3.55271e-015 0 0 0 359.441 -214.929 -22.6774 149.812 -188.213 -109.392 -215.147 -57.3024 242.99 -149.062 -166.335 214.006 75.6475 32.2399 90.8917 -200.043 -7.96382 -95.4966 -125.534 -88.4564 -57.3947 -233.399 -513.888 -17.4424 -2.38997 154.602 138.291 -110.63 476.944 -153.543 167.903 88.521 -56.4064 -118.71 -176.023 60.795 176.836 -47.2872 -34.4832 -66.0501 -55.9915 -219.544 -192.168 -242.856 138.468 -76.7607 257.279 -145.738 -40.3691 92.3994 307.621 -95.7086 211.503 1.91083 -357.275 104.49 128.595 -3.3619 575.406 234.538 -39.2242 | 79.6946

0 0 -8.88178e-016 0 0 0 0 7.10543e-015 0 0 0 0 0 0 0 0 0 0 0 0 0 0 0 0 0 0 0 0 1.42109e-014 0 0 0 0 0 0 0 0 0 0 0 576.311 -166.597 -51.3572 86.0052 125.369 73.2598 201.295 -180.957 65.171 -70.9286 -119.703 -12.9011 -118.689 -51.6297 -44.595 -306.102 331.534 513.926 222.277 177.649 -147.66 498.489 137.082 -136.41 52.9254 -295.732 423.166 -438.706 213.663 -220.258 -465.497 249.366 385.313 452.672 -65.2949 320.514 115.284 22.8691 271.118 154.255 -142.537 223.658 -320.857 294.79 209.965 -480.55 26.306 -370 486.462 51.9185 47.7737 -129.549 53.0234 194.992 33.5189 -5.1674 115.727 -281.337 -102.477 133.839 | -55.9685

0 0 0 -1.42109e-014 0 0 0 0 0 0 0 0 0 1.42109e-014 1.42109e-014 0 0 0 0 0 -2.84217e-014 7.10543e-015 0 7.10543e-015 0 0 0 0 0 0 0 0 0 0 0 0 0 0 0 0 0 232.31 205.244 -88.6757 -115.437 -24.9269 -94.2737 167.696 -132.049 -242.915 24.0162 -36.3929 -30.4788 -32.2638 -300.21 204.252 -194.236 -183.623 -115.177 -7.38901 75.1055 -302.364 47.6688 23.6446 -187.363 165.22 -27.6383 95.1881 -61.7011 67.4872 273.537 17.4736 79.0194 -102.99 -147.44 13.4181 -112.976 134.244 -157.661 -115.946 6.08837 61.3834 -185.663 -166.787 55.6165 262.591 -205.577 -74.0915 165.177 29.3665 -55.9315 212.121 -178.19 -86.1329 -56.1266 89.9418 11.7801 167.731 171.73 63.3357 | -266.907

0 0 7.10543e-015 0 0 0 0 0 0 0 0 -3.55271e-015 0 0 0 0 0 0 0 0 0 -3.55271e-015 0 0 0 0 0 0 0 0 0 0 0 0 0 0 0 0 0 0 0 0 -384.694 59.8557 -14.6255 305.962 126.226 -247.901 94.0495 231.538 -236.706 165.948 124.839 -37.2979 106.753 14.7417 46.7021 38.2489 60.8681 -84.3488 254.467 0.3711 -136.504 -21.3758 -22.6699 -320.6 -293.949 -176.834 110.831 -152.785 -64.6957 -89.542 -120.286 -7.07778 -68.0425 -387.633 79.2914 -88.8602 -54.4846 -273.818 356.511 7.35294 260.338 -110.105 -57.6315 -44.0525 -21.5161 161.48 -355.491 -290.23 -33.8685 -209.029 203.462 64.7472 61.7077 -73.4798 -84.2113 -346.563 -343.932 -305.745 | 425.573

3.55271e-015 0 0 0 0 -1.42109e-014 0 0 0 0 0 0 0 0 0 0 1.42109e-014 0 0 0 0 0 0 1.42109e-014 0 0 0 0 0 0 0 0 0 0 0 0 0 1.42109e-014 0 0 0 0 0 329.52 24.2853 219.929 -231.503 -4.7655 -180.806 -57.8917 110.129 -295.92 -90.9819 89.1805 403.577 174.218 267.283 71.0829 56.2028 -94.2012 8.24741 70.1858 88.2301 129.413 336.911 113.731 -17.5555 156.529 -15.2244 -88.7118 -160.413 -1.31993 -279.167 75.8082 143.825 -4.9893 68.3707 -23.1332 161.146 297.298 -33.7324 -11.9469 299.305 198.157 200.517 -194.535 39.1427 -213.436 29.0211 -136.025 202.304 -123.706 71.6324 217.956 -233.875 -54.1318 -151.864 142.854 120.012 194.032 | -120.389

0 0 0 0 1.42109e-014 0 0 0 0 0 0 0 0 0 0 0 0 0 -8.88178e-016 0 0 0 0 0 0 0 0 0 0 0 0 0 0 0 0 -2.84217e-014 0 0 0 -1.42109e-014 0 0 0 0 270.204 -298.972 16.3821 -41.957 275.606 -84.3243 39.5673 -16.367 153.002 -36.5671 -191.598 5.11318 2.24255 -8.47284 -75.3239 46.1458 -305.9 216.323 -173.288 -204.342 -172.406 312.924 182.952 -24.7432 16.0126 -64.9451 123.983 92.3661 250.007 -25.9735 193.713 179.625 -22.4301 -70.2353 95.6928 97.2924 -157.292 -139.006 45.4401 -49.5628 -12.5059 99.2799 214.678 -132.531 288.12 139.263 -82.7866 277.423 -127.909 396.718 21.0973 -6.50186 -157.542 -238.653 95.2593 194.483 | -340.688

0 0 0 0 0 0 0 0 0 7.10543e-015 0 0 0 0 0 0 0 0 -2.84217e-014 0 0 0 2.84217e-014 0 0 0 0 0 0 0 0 0 0 0 0 0 0 0 0 -1.42109e-014 0 0 0 0 0 481.533 134.868 -139.737 -161.858 167.924 206.089 -95.1475 -280.629 -39.7977 345.005 -158.291 58.1169 160.178 339.82 96.2339 -70.8955 49.5123 47.6799 -93.105 359.948 -539.317 -70.5784 -186.964 139.053 -133.353 -329.813 192.066 189.583 187.33 -105.513 -224.099 200.843 115.855 -28.5846 106.5 82.4057 240.441 79.4304 204.128 146.984 -296.467 -169.809 -182.538 -231.128 -18.8747 197.971 -414.74 145.182 -223.947 2.30243 -44.5089 -88.5127 -233.775 -331.101 78.6326 | 101.721

0 0 0 0 0 0 0 0 0 0 0 0 0 0 0 0 0 0 0 0 0 -3.55271e-015 0 -1.42109e-014 0 1.38778e-017 0 3.55271e-015 0 0 0 0 0 0 0 0 0 0 0 0 -5.68434e-014 0 0 0 0 0 -418.411 -215.955 39.9104 -327.063 -248.815 -144.521 -248.189 54.5755 -53.3338 267.283 -49.35 170.08 -154.842 -87.9752 -93.9081 224.585 123.806 19.5141 6.62337 573.53 614.629 116.933 -70.5083 185.179 290.789 205.724 35.2996 141.887 -65.1871 347.313 57.7927 -80.9584 128.459 93.9236 -215.177 168.713 -20.4343 108.022 -60.3801 8.84101 84.44 -277.136 164.317 120.24 91.5085 610.803 -115.766 140.375 -358.372 -43.6919 -234.695 120.206 313.79 321.804 | -268.773

0 0 0 0 0 0 0 0 0 0 0 0 0 0 0 0 0 0 0 0 1.42109e-014 0 0 0 0 0 0 0 0 0 2.84217e-014 0 0 0 0 0 0 0 0 0 0 0 0 0 0 0 0 -390.073 236.946 -170.834 -220.513 -104.436 22.6842 -164.95 72.9011 -89.1092 118.424 365.26 -138.986 -83.7136 -271.58 572.358 108.108 -319.862 73.8055 588.249 590.169 -103.59 34.9666 180.347 100.907 87.9248 157.155 494.284 64.9987 455.531 205.698 -8.85789 287.388 269.38 -261.4 275.768 -152.692 154.448 -114.643 -294.495 337.469 -207.304 103.391 220.677 -104.237 248.645 -4.9769 187.8 -308.379 -226.754 -81.2442 -347.457 101.602 427.598 | -368.459

0 0 0 0 0 1.42109e-014 0 0 0 0 0 0 7.10543e-015 0 0 0 0 0 -1.77636e-015 0 0 0 0 0 0 0 0 0 0 0 0 0 0 0 0 -2.84217e-014 0 0 0 0 -5.68434e-014 0 0 0 0 0 0 1.42109e-014 -346.457 -175.08 205.132 -58.1379 -469.081 50.5828 -82.6504 189.057 -356.347 -316.941 249.942 130.511 -2.25191 -418.895 -52.4223 147.294 -52.3756 -350.968 216.682 228.587 -73.0942 -185.888 -6.10257 337.006 99.1003 -251.078 -165.636 -157.633 -118.312 182.587 -117.113 -121.582 28.2445 5.30051 -144.419 191.468 -69.054 76.633 -570.872 -252.976 333.061 71.5682 309.171 354.148 -56.1079 -140.534 -120.981 46.5177 -82.3431 134.571 223.118 55.1831 | -187.471

0 0 7.10543e-015 0 0 0 0 0 0 0 0 0 0 0 0 0 0 0 0 0 0 -3.55271e-015 0 -1.42109e-014 0 0 0 0 0 2.84217e-014 0 0 0 0 0 2.84217e-014 0 0 0 -2.84217e-014 -1.42109e-014 0 0 0 0 0 0 0 0 -709.188 122.572 54.0119 -347.34 2.36072 -262.842 162.078 -249.851 -251.387 54.4076 189.968 -155.313 -401.944 201.604 9.68285 -49.3086 -83.5733 679.162 346.435 28.5517 -213.563 93.2138 289.427 -206.194 -150.646 -120.153 187.606 53.6224 -25.2657 119.052 -130.673 -256.737 -75.3158 -229.459 425.86 -263.723 -5.07581 -563.282 -552.932 579.628 242.5 193.457 843.955 29.5622 51.5386 -27.5155 -41.0055 -78.9915 344.392 483.462 96.8164 | -126.347

2.22045e-016 0 0 0 0 0 0 0 0 0 0 0 -4.44089e-016 1.42109e-014 0 0 0 0 0 0 0 0 0 7.10543e-015 0 0 0 0 0 0 0 0 0 0 0 0 0 0 0 0 0 0 0 7.10543e-015 0 0 0 0 0 0 -350.411 215.863 93.7756 -104.708 -136.677 7.95619 -286.887 184.007 -149.269 -45.3417 91.2309 148.119 187.171 102.284 -359.734 78.9033 178.068 -172.608 71.0988 36.0043 355.991 -143.651 314.167 242.447 -107.06 7.7986 74.0157 190.928 -276.243 -227.442 -116.187 78.9958 -367.249 -142.83 15.5363 -43.3555 20.0348 106.911 222.533 6.53215 -189.541 139.696 -39.5289 -56.2977 41.7017 -12.8534 214.014 -281.586 -99.1581 -362.414 | -65.4982

0 0 0 0 0 0 0 0 0 0 0 0 0 0 0 0 0 0 0 0 0 -1.42109e-014 0 0 0 8.88178e-016 0 0 0 0 0 0 0 0 0 1.42109e-014 0 0 0 0 0 0 0 -7.10543e-015 0 7.10543e-015 0 0 -1.42109e-014 0 0 486.53 -69.9705 -176.887 -25.9362 -186.11 -105.17 231.956 47.5592 220.268 75.3481 -97.0009 -22.9976 -104.082 -254.172 -324.949 148.115 -105.786 239.684 -19.1827 104.193 -101.323 278.896 172.863 -162.606 -29.9211 -1.73815 -44.6883 -109.691 -332.736 -287.197 37.7988 -272.691 111.185 106.402 -75.2601 -49.4527 95.4986 227.632 -87.191 -121.525 -100.734 25.2188 -419.024 460.59 238.35 442.534 -383.217 -253.258 -633.276 | 297.013

0 0 0 0 0 0 0 0 0 0 0 0 3.55271e-015 0 0 0 0 0 0 0 0 0 0 0 0 0 0 0 -2.84217e-014 -7.10543e-015 0 0 0 0 -3.55271e-015 0 2.84217e-014 0 0 0 0 0 0 3.55271e-015 0 0 0 0 1.42109e-014 0 0 0 -468.949 -94.6525 253.031 -260.282 108.094 163.946 193.313 215.635 -169.829 171.677 43.2119 -161.366 239.527 114.038 273.077 28.8917 23.1465 135.909 -292.593 72.1167 -135.609 157.795 -101.62 206.415 -126.275 60.2296 70.1493 113.616 -242.559 251.384 -255.213 429.383 -228.077 -486.021 -116.705 -125.454 157.811 116.725 125.128 -139.22 -33.7229 110.055 -180.791 -166.748 287.643 23.7347 76.6176 464.296 | -54.8761

0 0 0 0 -1.11022e-016 0 -3.55271e-015 -7.10543e-015 0 0 0 0 0 0 0 0 0 0 0 0 0 0 0 -2.84217e-014 0 0 0 0 0 0 0 0 0 0 0 0 -1.42109e-014 0 0 0 0 0 0 2.84217e-014 0 0 0 0 0 5.68434e-014 0 0 0 -317.245 238.415 -344.06 -209.45 315.918 -52.0621 71.324 -344.717 318.139 -50.1149 -493.277 -227.18 336.969 278.903 -130.487 118.493 173.683 239.298 21.3479 696.866 632.403 47.1141 246.978 38.7876 88.9107 -226.728 15.9362 -548.544 322.227 -495.828 43.4015 106.146 -294.537 248.544 -112.47 446.852 304.54 -193.866 -135.303 -94.041 -236.479 -152.951 -113.173 367.746 -704.131 38.3163 150.761 | -630.6

0 0 0 0 -1.42109e-014 0 -3.55271e-015 7.10543e-015 0 0 0 0 0 0 0 0 0 0 0 0 -7.10543e-015 0 0 0 0 0 0 0 0 0 7.10543e-015 0 1.42109e-014 0 0 0 0 0 0 0 0 0 0 0 0 0 0 0 0 0 -2.84217e-014 0 0 0 539.142 -25.8614 361.101 142.314 -13.0019 -127.652 436.297 -32.5367 133.646 128.243 303.467 -5.63042 -187.962 -109.636 67.2928 -57.5829 -272.771 25.2323 -621.817 67.5925 121.502 -20.2977 52.8773 -47.1335 501.91 22.7674 2.75598 -61.3365 421.863 -32.326 403.878 -235.738 -19.2025 93.4254 -259.405 -412.522 101.619 -574.912 191.858 249.587 -262.907 315.751 140.021 207.276 -6.10439 149.772 | 159.715

0 0 0 0 0 7.10543e-015 0 0 0 0 0 0 0 0 0 0 0 0 0 0 0 0 0 0 0 -1.42109e-014 0 0 0 0 0 0 0 0 0 0 4.44089e-016 0 0 0 0 0 7.10543e-015 0 0 0 0 0 0 0 0 0 0 0 0 457.935 264.4 -351.483 24.2935 38.8402 715 -283.062 140.209 708.947 223.944 -545.423 -300.489 -42.4972 8.89452 -342.835 -225.512 -226.785 -889.183 -639.043 -61.7732 -545.81 83.204 25.2359 327.491 -80.1593 773.673 -373.409 895.975 -222.765 186.545 210.234 -625.019 282.809 -548.92 -651.374 202.522 -304.626 133.681 425.514 -172.37 202.627 -458.789 581.448 -46.2531 -80.7826 | 739.131

3.55271e-015 0 0 0 0 0 0 -1.42109e-014 0 0 0 0 0 0 0 0 0 0 0 0 0 0 -2.84217e-014 0 0 0 0 0 0 0 0 0 0 0 0 0 0 0 -7.10543e-015 1.42109e-014 0 0 0 0 0 0 -7.10543e-015 2.84217e-014 2.84217e-014 -5.68434e-014 0 0 0 0 0 0 -778.547 -118.602 -203.551 -30.548 -584.013 190.973 -199.413 -400.498 -809.2 303.467 313.811 354.453 170.416 103.269 681.121 379.786 1072.59 199.308 -45.995 39.6462 -208.376 263.055 -944.879 -176.898 -574.793 252.519 -872.339 188.329 -360.211 80.7081 194.68 -276.397 837.047 424.573 -139.525 620.981 -301.087 -384.774 135.535 -348.741 493.885 -746.601 148.135 -222.917 | -706.748

0 0 0 -1.42109e-014 0 -1.42109e-014 0 0 0 0 0 0 0 0 0 0 0 0 0 0 0 0 0 0 0 0 0 0 0 0 0 -2.84217e-014 0 0 -8.88178e-016 0 0 0 2.84217e-014 0 0 0 0 0 0 0 0 0 0 0 0 0 0 2.84217e-014 0 0 0 454.972 -38.7591 59.0795 -3.309 1.70747 -13.856 -346.544 -196.992 -13.2337 -170.288 -122.198 312.159 81.4547 120.511 90.503 471.753 259.278 -199.136 -83.9687 43.0082 0.687235 -192.122 -301.328 -138.221 325.285 -186.805 -70.8461 240.087 130.688 56.1034 -30.2599 -118.544 100.444 -93.7813 -262.382 -217.149 -450.344 -11.3587 176.057 255.326 -212.744 -45.891 -277.818 | 91.8974

0 0 0 -1.42109e-014 0 -1.42109e-014 0 0 0 0 0 -1.42109e-014 -7.10543e-015 -7.10543e-015 0 0 0 2.84217e-014 0 0 0 0 0 0 0 0 0 0 0 0 0 0 0 0 0 0 0 0 0 0 0 0 0 0 0 0 0 0 0 0 0 0 0 0 0 0 7.10543e-015 0 254.976 218.662 137.576 139.057 -53.2519 60.3928 132.101 -51.7435 99.2023 -99.4008 -147.672 -201.695 -161.79 -50.6025 -141.604 -12.7063 -77.0039 252.861 48.1791 -95.5067 278.628 305.524 142.49 -84.2674 3.37279 156.67 -50.0025 -145.387 -49.4831 -56.8732 -117.665 -43.6252 121.124 -121.22 186.933 161.761 84.6162 -79.4676 -251.388 136.008 85.4199 96.5408 | -145.673

-2.22045e-016 0 -3.55271e-015 0 0 -1.42109e-014 0 0 0 0 0 0 1.42109e-014 0 3.55271e-015 0 0 0 0 0 0 0 0 0 0 0 0 0 0 0 -2.84217e-014 0 0 0 0 0 -4.44089e-016 0 0 0 0 0 0 -3.55271e-015 0 0 -7.10543e-015 0 0 -2.84217e-014 0 0 0 0 -7.10543e-015 0 0 0 0 361.081 -372.736 222.157 -325.898 -79.873 -312.939 -349.295 101.018 145.865 240.082 -102.508 95.6309 -138.049 640.178 -60.1144 -166.152 -27.8586 -52.7845 37.9776 -601.071 51.9044 68.1428 20.214 -203.701 341.705 -167.491 199.206 12.6492 -101.702 189.991 236.387 61.0576 165.83 -254.942 -236.251 312.674 -229.306 98.0802 -386.798 -56.8224 -534.204 | 231.754

0 0 0 0 0 0 7.10543e-015 0 0 0 0 0 0 1.77636e-015 0 0 0 0 0 0 0 0 4.44089e-016 0 0 0 0 0 1.77636e-015 0 0 0 -1.42109e-014 0 0 1.42109e-014 0 0 0 0 0 3.55271e-015 0 -2.84217e-014 0 0 0 0 0 0 0 0 0 0 0 2.84217e-014 0 0 0 0 659.015 -133.044 391.929 592.542 237.897 198.005 210.44 137.891 -119.639 -155.52 -187.667 -1.0972 -1036.05 -195.082 49.9232 74.7167 177.584 -39.8709 624.462 209.732 11.7154 -463.869 56.5337 160.665 -229.983 -365.562 -258.242 179.058 -280.214 -274.495 140.744 -150.762 414.747 315.676 -106.63 -45.1773 -185.109 855.429 161.957 155.635 | 46.1991

0 0 0 0 0 0 7.10543e-015 0 3.55271e-015 0 0 0 0 0 0 0 0 0 0 0 0 0 0 0 0 0 0 0 7.10543e-015 0 0 0 0 0 0 0 0 0 0 -1.42109e-014 0 0 -2.84217e-014 0 0 0 0 0 0 0 0 0 0 0 0 0 0 0 0 0 0 -327.319 130.124 -171.005 52.2537 -181.046 -65.401 83.4234 106.704 -44.3697 203.893 95.7758 152.586 67.6838 -177.436 -227.723 37.7497 74.6635 -45.489 -137.564 -8.03864 -31.1085 -105.785 -194.158 0.430585 108.471 -83.6097 56.3915 13.5257 212.019 24.4669 204.834 114.711 -394.052 60.5054 123.634 -44.6043 -181.609 40.5333 -302.335 | 97.9008

0 0 0 0 0 0 0 0 0 0 0 1.42109e-014 0 0 0 0 0 0 0 -1.42109e-014 0 0 0 0 2.84217e-014 0 0 0 0 0 0 0 0 0 0 0 2.84217e-014 0 0 0 0 0 0 0 0 0 0 0 0 0 0 0 0 0 0 0 0 2.84217e-014 0 7.10543e-015 0 0 439.583 78.2856 110.649 237.107 422.256 105.476 -270.513 81.9918 213.861 129.36 89.1827 158.866 105.703 124.991 -11.8642 177.06 22.1767 199.604 -387.568 -125.307 -413.846 -134.779 -97.2172 -305.727 82.797 -253.196 466.203 283.835 -7.44393 390.07 132.49 24.4891 -154.867 -49.3848 -29.8783 74.2864 263.41 169.68 | -510.006

0 0 0 0 0 0 0 0 0 -7.10543e-015 0 0 0 0 0 0 0 0 0 0 -1.42109e-014 0 0 0 0 0 0 0 0 0 2.84217e-014 0 0 0 0 -2.84217e-014 0 0 0 0 0 0 0 0 0 0 0 0 0 0 0 0 0 0 1.42109e-014 0 0 -7.10543e-015 0 1.42109e-014 7.10543e-015 0 0 547.264 -4.60898 101.77 27.9989 399.835 -215.715 -357.004 -34.9876 -403.157 -603.305 -309.639 281.492 178.612 404.908 -57.8785 360.041 534.78 248.317 -550.598 183.871 424.024 -242.25 23.7986 -92.411 270.849 -276.904 32.3212 145.564 -20.5484 266.583 102.085 204.813 -285.806 -333.859 531.445 327.921 -237.496 | 276.123

0 0 0 0 0 0 1.42109e-014 0 0 0 0 0 0 0 0 0 0 1.42109e-014 0 0 0 0 0 0 0 0 0 0 0 2.84217e-014 0 0 0 0 0 0 0 0 0 0 0 0 0 0 0 0 0 0 2.84217e-014 0 0 0 0 0 0 0 0 0 0 0 0 0 0 0 -480.232 -266.633 -209.821 -43.2316 11.55 -128.194 67.7137 155.655 342.968 28.3457 -89.5766 -316.602 -299.399 146.424 -399.84 -212.21 20.4874 131.731 -249.446 -14.6122 14.6175 32.1386 -48.0919 5.79813 394.373 -81.0731 111.821 -150.161 -116.369 82.8188 -132.926 117.756 276.017 -302.037 -2.04057 -187.007 | -35.4131

0 0 0 0 1.42109e-014 1.77636e-015 0 0 0 0 0 0 0 0 0 0 0 0 0 0 0 0 0 0 0 0 0 0 0 0 0 0 0 0 0 -1.42109e-014 0 0 0 0 0 0 3.55271e-015 0 0 0 0 0 0 0 0 0 0 -2.84217e-014 0 0 0 0 0 1.42109e-014 0 0 0 0 0 574.02 415.849 219.983 -299.711 182.515 207.491 299.931 99.4459 240.205 188.63 475.382 -412.962 10.0955 -119.066 347.153 -614.096 163.986 -802.627 92.0844 -367.472 -316.909 567.202 -322.911 648.713 211.301 -79.4444 535.254 75.8953 -189.815 167.079 -30.0745 509.353 291.196 268.192 323.638 | -707.561

0 0 0 0 0 0 0 0 0 0 0 0 0 0 0 0 0 0 0 0 0 0 0 0 0 0 0 3.55271e-015 0 0 0 0 0 0 0 7.10543e-015 0 0 0 0 0 0 0 0 0 0 0 -7.10543e-015 0 0 -8.88178e-016 0 0 0 0 0 0 0 0 -7.10543e-015 0 -1.42109e-014 0 0 0 0 -462.664 53.2004 -6.68067 -15.7035 -52.2023 -400.17 -421.303 -105.035 -20.134 89.6598 451.778 -121.277 560.43 116.818 462.145 55.0348 363.43 -29.0073 154.072 316.983 1.24081 414.517 -746.086 -108.473 -37.9711 -548.059 109.967 -172.701 -87.6504 -102.09 -125.499 134.756 99.7893 -128.137 | 405.039

3.55271e-015 0 0 0 0 1.77636e-015 0 0 0 0 0 0 0 0 0 0 0 0 0 2.84217e-014 0 0 0 0 0 0 0 0 0 0 0 0 0 0 0 1.42109e-014 0 0 0 0 0 0 0 0 3.55271e-015 0 0 0 0 0 -2.84217e-014 -3.55271e-015 0 0 0 0 2.84217e-014 0 0 0 0 0 0 0 0 1.77636e-015 0 456.688 -137.342 -151.07 224.197 -138.566 -98.262 -218.976 -112.535 86.1928 74.4478 -92.3739 56.4258 368.526 -68.6016 -79.8919 -126.196 202.415 -138.309 53.1756 108.485 -18.482 -228.04 161.42 14.9983 -30.9505 202.024 -447.819 216.607 -5.57943 26.3092 114.255 216.663 -266.925 | 310.073

0 0 0 0 0 0 0 0 0 0 0 0 0 0 0 0 0 -3.55271e-015 0 0 0 0 0 0 0 2.22045e-016 0 -1.42109e-014 0 0 3.55271e-015 0 0 -7.10543e-015 0 0 0 0 0 0 0 0 0 0 0 0 0 0 0 0 0 0 0 0 0 0 0 0 0 0 0 0 0 0 0 0 0 0 332.188 171.171 33.5353 373.097 -9.65195 3.80879 4.99271 -90.5211 34.0882 66.6906 204.234 -218.452 -133.876 376.744 70.9413 -23.7848 307.485 29.2306 230.727 -101.168 -321.145 -244.796 -86.7928 -383.699 -93.0252 -240.481 59.6727 63.1783 213.624 181.973 -103.936 124.312 | 124.263

0 0 0 0 0 -1.42109e-014 0 4.44089e-016 0 0 0 0 0 0 0 0 0 0 0 0 0 0 0 2.84217e-014 0 0 0 0 0 0 0 0 -2.84217e-014 0 0 0 0 0 0 0 0 0 0 7.10543e-015 0 0 0 0 0 0 0 1.42109e-014 0 1.42109e-014 0 0 0 0 0 0 0 0 8.88178e-016 0 0 0 0 0 -4.44089e-016 451.317 -229.603 -14.979 -227.956 -150.359 -118.683 -206.448 19.7807 -59.7072 -96.0694 -214.025 -256.535 -0.0537037 226.31 46.5028 -92.9508 -94.6031 -7.99855 -20.2004 -279.763 -61.7203 -134.737 -57.9913 -206.47 19.4746 -63.9462 -205.929 103.673 225.422 -141.93 70.182 | 250.283

0 0 7.10543e-015 0 0 0 0 0 0 -7.10543e-015 0 0 0 -7.10543e-015 0 0 0 0 0 0 -2.84217e-014 0 2.84217e-014 0 0 0 0 -1.42109e-014 0 0 0 0 0 0 0 0 0 0 2.84217e-014 0 0 0 0 0 0 0 0 0 0 -1.42109e-014 0 0 0 3.55271e-015 0 0 0 0 0 0 0 -7.10543e-015 0 0 1.42109e-014 -2.84217e-014 0 0 0 0 631.735 -15.2277 438.589 247.771 -68.0055 318.618 232.931 134.941 491.109 321.495 272.347 712.067 -131.776 -495.57 603.953 244.133 699.578 -13.2558 -352.2 74.9355 -38.0599 -38.0226 123.505 -969.521 209.781 395.25 158.618 -226.937 85.1899 -226.52 | -214.844

0 0 0 0 0 0 0 0 0 0 0 0 0 7.10543e-015 0 0 0 0 7.10543e-015 0 1.42109e-014 0 0 0 0 -3.55271e-015 0 0 7.10543e-015 0 0 0 0 0 0 2.84217e-014 0 0 0 0 0 0 0 0 -3.55271e-015 0 0 0 0 0 0 0 0 0 0 0 0 0 0 0 0 0 -1.42109e-014 0 0 0 0 0 0 0 0 -472.377 -232.558 -80.4853 -219.117 148.1 286.701 -310.288 -23.2831 98.4736 101.168 -299.311 398.485 274.942 -172.227 25.571 -282.838 16.2802 -259.315 137.526 87.1331 73.01 107.032 86.4986 188.911 -271.163 -280.451 42.4331 101.885 -261.309 | 326.132

0 0 0 0 0 0 7.10543e-015 0 0 0 0 0 0 0 0 0 0 0 -1.42109e-014 0 0 0 0 0 0 0 0 0 0 0 0 0 0 0 0 0 0 0 0 0 0 0 0 3.55271e-015 0 0 0 2.84217e-014 0 0 0 0 0 0 0 0 0 -2.84217e-014 0 0 0 -2.84217e-014 0 0 0 0 0 0 0 0 0 0 441.641 -98.3794 78.6851 -388.492 -557.706 120.198 -833.377 -106.727 -305.561 -349.136 -217.994 -166.632 -283.457 -283.975 -183.656 -241.623 672.669 155.633 -50.9751 580.986 -186.735 339.292 67.8169 -157.085 181.73 -144.698 -236.204 43.7532 | -165.064

0 0 0 7.10543e-015 0 1.42109e-014 0 0 0 0 0 0 0 0 0 0 0 0 0 0 0 0 0 0 0 0 0 0 0 -1.77636e-015 0 0 7.10543e-015 0 0 0 0 0 0 0 0 0 0 0 0 0 0 0 0 0 2.84217e-014 0 0 -1.42109e-014 0 0 0 0 0 0 0 0 0 0 0 0 0 0 0 0 7.10543e-015 0 0 -510.993 -332.878 -543.415 -322.59 -145.357 -960.438 -23.5554 -159.968 -871.495 265.217 209.181 -635.024 -268.248 -498.978 -205.56 391.466 339.769 159.285 752.283 -150.427 433.724 137.517 -295.489 -87.7095 -156.535 -252.545 -11.587 | 259.777

0 0 0 0 0 0 0 3.55271e-015 0 0 0 0 0 0 0 0 0 0 0 0 -7.10543e-015 0 0 0 0 0 0 0 0 0 0 0 0 0 0 0 0 0 0 0 0 0 0 -1.42109e-014 0 0 0 0 0 0 2.84217e-014 0 0 0 -3.55271e-015 0 0 0 0 0 0 0 0 0 0 0 2.84217e-014 0 0 0 0 0 0 0 -446.871 -201.484 4.35751 2.88216 -4.2807 -400.208 -241.265 23.6273 301.141 -42.6214 -27.6321 -167.906 -125.338 -71.0151 -100.19 117.155 89.894 -139.737 -153.083 322.794 -287.931 -106.868 -170.983 -88.296 158.045 41.4849 | 163.791

0 0 0 0 0 0 0 0 0 0 0 0 0 0 0 0 0 0 0 0 0 0 0 7.10543e-015 0 0 0 0 0 0 0 0 0 0 0 -7.10543e-015 0 0 0 0 0 0 0 0 0 0 0 0 0 0 0 0 0 0 0 0 0 0 0 1.77636e-015 -2.84217e-014 -1.42109e-014 0 -2.84217e-014 0 0 0 0 0 1.42109e-014 0 7.10543e-015 0 0 0 -339.974 -389.566 111.152 -152.848 -52.7214 -368.222 85.9186 88.0215 -177.322 -30.0635 -201.112 -211.547 -209.384 137.186 14.1435 -59.754 125.515 -60.9999 -135.564 17.6826 -63.3088 168.808 -20.0084 -33.1698 245.497 | 109.958

0 0 0 0 0 0 0 0 0 0 0 0 0 0 0 0 0 0 0 0 0 0 0 0 0 0 0 0 0 0 0 0 0 0 -3.55271e-015 -2.84217e-014 -1.42109e-014 0 2.84217e-014 0 0 0 -4.44089e-016 0 0 0 0 0 0 0 0 0 0 0 0 -2.84217e-014 0 0 0 0 0 0 0 0 0 0 0 0 0 0 1.42109e-014 0 0 0 0 0 -416.333 122.372 -234.085 230.266 95.1239 113.823 -177.916 160.663 -257.727 -164.739 -74.9896 -49.3345 270.945 136.776 204.147 306.942 132.666 -96.8165 151.596 0.31946 272.371 -11.5896 -186.426 200.54 | 29.6559

8.88178e-016 0 0 0 0 0 0 0 0 0 0 0 0 0 0 0 0 0 0 0 -7.10543e-015 0 0 0 0 0 0 0 2.84217e-014 0 0 0 0 0 0 0 0 0 0 0 0 0 0 0 0 0 0 0 0 0 -7.10543e-015 0 0 0 0 0 0 0 0 0 0 0 0 0 0 0 0 8.88178e-016 0 0 0 0 -7.10543e-015 0 0 0 0 275.63 18.395 332.873 356.631 33.0311 36.8008 173.477 109.061 179.839 -360.272 279.686 -75.0651 -79.1865 -1.66546 -147.826 224.564 -102.433 -212.948 155.854 -222.601 -44.9916 -156.473 132.39 | -52.2072

0 0 0 0 0 0 0 0 0 3.55271e-015 0 0 0 0 0 0 0 0 0 0 0 7.10543e-015 0 0 -2.84217e-014 0 0 0 0 0 0 0 0 0 0 0 0 0 0 0 0 0 0 0 0 0 0 0 0 0 0 0 0 0 0 0 0 0 0 -1.42109e-014 0 0 0 0 0 0 0 0 0 0 0 0 -3.55271e-015 0 0 0 0 0 -843.301 77.4616 64.3935 -555.826 -182.867 284.173 -210.403 61.9852 -813.092 112.061 333.45 112.422 -42.3265 -0.949923 -18.1167 324.881 -277.333 22.5519 -372.834 -21.5297 -160.642 2.02288 | -241.879

0 0 0 0 0 0 0 0 0 0 0 0 0 0 0 0 0 2.84217e-014 0 0 0 0 0 0 0 -1.42109e-014 0 0 0 0 0 0 -1.42109e-014 0 0 1.42109e-014 0 0 0 -2.84217e-014 0 0 0 0 0 0 0 0 0 0 0 0 0 0 0 0 0 2.84217e-014 0 0 5.68434e-014 0 0 0 1.42109e-014 0 0 0 0 0 2.84217e-014 0 0 0 0 0 0 0 0 408.4 67.1691 -72.1638 -99.9654 48.0882 -13.1073 -29.4409 233.165 50.283 -36.9333 138.983 -26.9252 245.464 78.8807 -297.791 325.724 26.3306 -10.6426 62.2601 -31.6421 -232.492 | -35.5546

0 0 0 0 0 0 0 0 0 0 0 0 0 0 0 0 0 0 7.10543e-015 0 0 0 0 0 0 0 0 0 0 8.88178e-016 0 0 0 0 0 0 0 0 0 0 0 0 0 0 0 -7.10543e-015 0 0 0 0 0 0 0 0 0 0 0 0 0 0 0 0 -2.84217e-014 0 0 0 0 0 0 0 0 0 0 0 0 -2.84217e-014 0 0 0 -2.84217e-014 -575.619 236.99 -116.655 39.6987 78.0961 -310.268 56.6529 -272.594 -14.5705 -157.701 -226.304 -441.945 -254.934 101.567 37.0741 -253.518 20.762 118.7 184.579 -16.9861 | 23.7911

7.10543e-015 0 0 0 0 0 0 0 0 0 0 0 0 0 0 0 0 0 0 0 0 0 0 0 0 0 0 0 0 0 0 0 0 0 1.42109e-014 0 0 0 0 0 0 0 -1.42109e-014 0 0 7.10543e-015 0 0 0 0 2.84217e-014 0 0 1.42109e-014 0 0 0 0 0 0 0 0 0 -1.77636e-015 0 7.10543e-015 0 -2.22045e-016 0 -2.84217e-014 0 0 0 0 0 0 0 0 0 0 0 488.684 -48.4875 80.9091 6.19439 2.6848 -262.583 -41.3562 -303.504 -193.554 47.7595 -456.415 -102.097 -560.755 -226.747 138.083 255.594 204.791 -38.6122 403.012 | 386.4

0 0 -1.77636e-015 0 0 -2.22045e-016 0 0 0 0 0 0 0 0 0 0 -7.10543e-015 0 0 0 0 0 0 0 0 0 0 0 0 0 0 0 0 0 0 0 0 0 0 0 0 0 0 0 0 0 0 0 0 0 0 0 0 0 0 0 0 0 0 0 0 0 0 0 0 0 0 0 0 0 0 0 0 0 0 0 0 0 0 0 0 0 -486.002 -88.4422 -346.269 -242.838 752.882 104.386 176.301 224.776 26.5928 357.659 -58.9136 57.5501 487.259 -294.341 319.076 -278.579 -70.2223 -402.86 | 2.77354

0 0 0 0 -2.84217e-014 0 0 0 0 0 0 0 0 0 0 0 0 -7.10543e-015 2.22045e-016 0 2.84217e-014 0 0 0 0 0 0 2.84217e-014 0 0 3.55271e-015 0 0 0 -1.42109e-014 0 0 0 0 0 0 7.10543e-015 0 0 1.77636e-015 0 0 0 0 0 0 0 0 -1.42109e-014 -7.10543e-015 0 0 0 0 0 0 0 0 0 0 0 -8.88178e-016 0 0 0 0 0 0 0 0 0 0 0 -7.10543e-015 0 0 0 0 -404.573 183.707 -153.135 705.704 199.419 -127.98 196.594 -120.471 106.116 57.7769 230.044 232.44 214.131 -44.5406 -180.783 -266.13 -161.083 | -185.679

0 0 0 0 0 0 0 0 0 0 0 0 0 0 0 0 0 0 -3.55271e-015 0 0 0 0 0 0 0 0 0 0 0 0 0 0 0 0 0 0 0 0 0 0 0 0 -7.10543e-015 0 0 0 0 0 0 0 0 0 2.84217e-014 0 0 0 0 0 0 0 0 0 0 0 0 0 0 0 -1.77636e-015 7.10543e-015 0 0 0 0 0 -2.84217e-014 0 0 0 0 0 0 0 -335.091 -122.023 282.859 -45.2722 97.5763 211.483 216.357 262.419 -132.045 -252.216 433.635 -69.7896 438.872 -87.3125 -258.738 76.9292 | 510.045

0 -3.55271e-015 -3.55271e-015 0 0 0 0 -7.10543e-015 0 0 0 7.10543e-015 0 0 -1.77636e-015 0 0 0 0 0 0 0 -1.42109e-014 0 0 0 0 0 2.84217e-014 0 0 0 0 0 0 0 0 0 0 0 0 0 0 0 0 0 0 0 0 0 0 0 0 0 0 0 0 0 0 0 -5.68434e-014 0 0 0 0 0 0 0 2.84217e-014 0 0 0 0 0 0 0 0 7.10543e-015 0 0 0 0 0 0 0 -400.364 717.038 -177.531 10.6866 107.658 -32.5006 319.998 284.694 572.073 304.001 -179.079 -141.968 -31.2178 124.473 -521.627 | -494.703

0 0 0 0 0 0 0 0 0 0 0 0 0 0 0 0 0 0 0 0 0 0 0 0 0 0 0 0 0 0 0 0 1.42109e-014 0 -1.77636e-015 0 0 0 1.42109e-014 2.84217e-014 0 0 0 0 0 0 0 0 0 0 -1.77636e-015 0 0 0 0 0 0 0 0 0 0 0 0 0 0 0 0 0 0 0 0 0 0 0 0 0 0 0 0 -8.88178e-016 0 0 0 0 -1.42109e-014 -2.84217e-014 -582.64 110.662 153.819 -61.6829 243.112 -375.366 -273.325 -610.864 -206.247 59.0735 496.068 16.7902 -93.7282 573.038 | 636.763

3.55271e-015 0 0 0 0 0 0 0 0 0 0 0 0 0 0 0 0 -7.10543e-015 0 0 0 0 0 0 0 0 0 0 0 0 0 0 0 0 0 0 0 0 0 0 0 -1.42109e-014 0 0 0 0 0 0 0 0 0 -1.42109e-014 0 0 0 0 0 0 -3.55271e-015 0 0 0 0 0 0 0 0 0 0 0 0 0 0 0 0 -2.84217e-014 0 0 0 0 0 0 0 0 0 0 0 -492.295 12.4606 83.1206 -44.3476 180.42 126.79 267.8 -114.56 -47.756 -130.328 27.5807 105.062 -334.218 | -106.464

0 0 0 0 0 0 0 0 0 0 0 0 0 0 0 0 0 0 0 0 0 -7.10543e-015 0 0 0 0 0 0 0 0 0 0 0 0 0 0 0 0 0 0 5.68434e-014 0 -7.10543e-015 -7.10543e-015 0 0 0 0 0 -3.55271e-015 0 0 0 0 0 0 0 0 0 0 -2.84217e-014 -1.42109e-014 0 0 0 0 0 0 0 0 0 0 0 0 0 0 0 0 0 0 0 0 0 0 0 0 0 0 455.87 -170.344 -140.141 -50.86 80.141 239.584 15.1306 -51.9618 56.0899 -270.266 134.01 -12.9884 | 126.43

0 0 1.42109e-014 0 0 -7.10543e-015 -3.55271e-015 0 0 0 0 0 0 0 0 0 0 0 0 0 0 0 0 0 0 0 0 2.84217e-014 3.55271e-015 0 0 0 0 0 0 0 0 0 0 0 0 0 0 0 0 0 0 0 0 0 0 0 0 0 0 0 0 0 0 0 0 0 0 0 0 -2.84217e-014 0 -2.84217e-014 0 0 0 0 0 0 0 -2.84217e-014 0 0 0 0 0 0 0 -2.84217e-014 0 0 0 0 0 -211.617 -213.881 -114.423 321.857 292.211 -220.39 -32.3034 -432.034 -21.138 219.259 17.785 | -499.734

0 0 0 0 0 0 0 0 0 0 0 0 0 0 0 0 0 0 1.42109e-014 0 0 0 7.10543e-015 0 0 0 0 0 0 0 0 0 0 0 0 0 0 0 0 0 1.42109e-014 3.55271e-015 -1.42109e-014 0 0 0 0 0 0 0 0 0 0 0 0 0 -1.42109e-014 0 0 0 0 0 0 0 0 0 -2.84217e-014 0 0 0 0 0 0 0 0 0 0 0 0 0 0 0 0 0 0 0 0 0 0 0 -213.911 128.923 320.125 457.847 -309.608 -73.8337 -627.659 5.48702 103.211 -60.8913 | -358.68

0 0 0 0 0 0 0 0 0 0 0 0 0 0 0 0 0 0 0 0 0 0 0 0 0 0 0 0 0 0 0 0 0 0 0 0 0 0 0 -8.88178e-016 0 0 0 0 0 0 0 0 0 0 -2.84217e-014 0 0 0 0 0 0 0 0 0 0 0 0 0 0 0 0 0 0 0 0 0 0 0 0 0 0 0 0 0 0 0 0 0 0 0 0 0 0 0 0 223.218 -109.264 -158.182 210.473 142.831 183.163 -325.978 -245.354 -186.038 | 61.0899

2.22045e-016 0 -7.10543e-015 -1.42109e-014 0 -1.42109e-014 0 0 0 1.42109e-014 0 0 0 0 0 0 0 0 0 0 0 0 0 -1.42109e-014 0 0 0 0 0 0 0 0 0 0 -7.10543e-015 0 0 0 0 0 0 0 0 0 0 0 0 0 0 5.68434e-014 0 0 0 0 0 0 0 0 0 2.84217e-014 0 0 0 0 0 0 0 2.77556e-017 0 0 2.84217e-014 0 0 0 0 0 -2.84217e-014 0 0 0 0 0 0 0 0 1.42109e-014 0 0 0 0 0 0 264.756 191.787 -281.744 -151.124 -416.804 -57.875 -32.6633 341.75 | -260.489

0 0 0 0 0 0 0 0 0 0 0 0 0 0 0 0 0 0 0 0 0 0 0 0 0 0 0 0 0 2.22045e-016 0 0 0 0 0 0 1.42109e-014 0 -1.42109e-014 0 0 0 0 0 -3.55271e-015 0 0 0 0 0 0 0 0 0 0 0 0 0 0 0 0 0 0 0 0 0 0 0 -2.84217e-014 0 0 0 0 0 0 0 0 0 0 0 0 0 0 0 0 0 0 0 0 0 1.42109e-014 0 0 -490.387 165.085 77.7328 292.138 361.034 -367.218 395.191 | 533.912

0 0 0 0 0 0 7.10543e-015 0 0 0 0 0 0 0 0 0 0 0 1.42109e-014 0 0 0 -2.84217e-014 0 0 0 0 0 1.42109e-014 0 0 0 0 0 0 0 0 0 0 0 0 0 0 0 0 0 0 0 0 0 -2.84217e-014 0 0 0 0 0 -2.84217e-014 0 0 0 0 -1.77636e-015 0 0 0 0 0 0 0 0 0 0 0 0 0 0 0 0 0 0 0 0 0 0 0 0 0 0 0 0 1.42109e-014 0 0 0 -387.653 -192.848 -124.315 203.516 366.476 -0.263109 | -270.009

0 0 0 0 8.88178e-016 -3.55271e-015 0 0 0 0 0 0 0 3.55271e-015 0 0 0 0 -8.88178e-016 0 0 -1.42109e-014 0 -1.42109e-014 -1.42109e-014 0 0 0 -8.88178e-016 0 0 0 0 0 0 0 0 0 0 0 0 0 0 0 0 0 0 0 0 0 0 0 -2.84217e-014 0 0 0 -1.42109e-014 0 0 0 0 0 0 0 0 0 0 0 0 -2.84217e-014 0 0 0 0 0 0 2.84217e-014 0 0 0 0 0 0 0 0 0 0 0 0 0 0 0 0 0 0 -428.312 -16.3151 -95.5167 399.271 -88.2428 | -454.806

-7.10543e-015 0 0 0 0 0 0 0 0 0 0 -3.55271e-015 0 0 0 0 0 -2.84217e-014 -1.77636e-015 0 -2.84217e-014 0 0 0 0 0 0 0 0 0 -2.84217e-014 0 -1.42109e-014 0 1.77636e-015 0 0 0 0 0 0 0 0 2.84217e-014 0 0 0 0 0 0 0 0 0 0 0 0 0 0 0 0 0 0 0 0 0 0 0 0 0 0 -1.77636e-015 0 0 0 0 0 3.55271e-015 0 0 0 0 0 0 0 0 0 2.84217e-014 0 0 0 0 1.42109e-014 0 0 0 -4.44089e-016 -227.277 -0.0281063 -57.064 457.677 | -288.181

-3.55271e-015 0 0 0 0 0 0 0 0 0 0 0 0 0 0 0 0 0 0 0 0 0 0 -8.88178e-016 0 0 0 2.84217e-014 0 0 0 0 0 -1.42109e-014 0 0 0 0 0 2.84217e-014 0 0 0 0 0 0 8.88178e-016 0 0 0 0 0 0 0 0 0 7.10543e-015 0 0 0 0 0 0 0 0 0 0 0 0 0 7.10543e-015 0 0 0 1.42109e-014 0 0 0 0 0 0 0 0 0 0 0 0 0 0 0 0 0 0 0 -2.84217e-014 0 0 -309.234 -104.772 144.349 | -236.16

-2.22045e-016 0 0 0 0 0 0 0 0 0 0 0 0 0 0 0 0 0 0 0 0 0 1.42109e-014 -1.42109e-014 0 0 0 0 0 0 0 0 0 0 0 0 2.84217e-014 0 0 0 0 0 0 0 0 0 0 0 0 -7.10543e-015 0 0 0 0 1.42109e-014 0 0 0 0 0 0 0 0 0 0 0 0 0 0 0 -2.84217e-014 0 -2.84217e-014 0 0 0 0 0 0 0 0 0 0 0 0 -7.10543e-015 0 0 0 0 0 0 0 0 0 0 0 0 605.231 -259.445 | -213.361

0 0 0 0 0 0 0 0 0 7.10543e-015 0 0 3.55271e-015 0 0 0 0 0 0 0 0 0 7.10543e-015 0 0 0 0 0 0 0 0 0 2.84217e-014 0 0 0 0 0 0 0 0 0 0 0 0 0 0 0 0 0 0 0 0 0 0 0 0 0 0 0 0 0 0 0 0 0 0 0 0 0 0 0 0 0 0 0 0 0 0 0 0 0 0 0 0 7.10543e-015 0 0 0 0 0 0 0 0 0 0 0 0 0 -480.83 | 43.5113

sol [-1.09477,-1.14235,0.522692,0.959709,1.47288,-0.542454,-0.142552,-0.825333,-0.56763,1.19574,0.530854,1.42404,0.0825261,0.631368,1.02854,0.595217,1.23534,0.559955,-0.395974,-0.926173,0.15975,1.36135,-1.15768,0.242151,0.978939,0.697831,-0.0549104,-1.30471,1.07444,-0.446589,-0.869901,0.422105,-0.942582,0.534722,0.588644,-1.37464,-0.292767,0.654511,-0.0891137,-0.140452,-0.797359,0.293883,-0.990434,-0.330779,-1.7285,-0.482418,-1.16419,-0.0239336,0.228792,0.707286,-0.21009,-0.0997521,0.411618,-0.285751,-0.530402,0.169847,1.01847,-0.313943,0.828204,-1.07395,0.0793498,1.30083,-0.94398,-0.314242,0.198471,-0.307161,-0.336142,-0.107437,1.08498,-0.453113,-0.733804,-0.613367,0.074453,-1.55342,-0.667174,-0.64249,2.67578,0.257582,0.0774617,0.551365,-1.85611,1.5322,-0.168951,-0.815602,-0.276456,0.910342,-0.90453,0.680479,0.826765,0.453574,0.999389,0.570778,1.14531,0.594183,0.156481,0.480161,1.18389,0.854036,-0.39132,-0.0904921,]
