-47 -50 -39 7 -66 57 -18 36 26 76 18 -5 50 35 0 -59 -77 92 48 39 16 -33 -13 -34 63 -38 -44 -37 -47 86 -18 -62 40 98 -97 -78 26 63 -82 -32 2 -88 -67 -90 73 20 -75 -46 58 36 -83 -5 -1 58 48 64 -24 79 22 0 12 -44 81 -78 -6 52 1 -95 -11 5 90 86 55 -12 0 -36 74 5 -32 -37 36 39 85 -44 -88 -36 -31 45 -41 -75 61 73 89 -60 -89 -50 -38 46 42 -18 | 68

0 -105.787 -68.234 41.1702 -173.319 60.9574 -14.7234 -33.5532 -8.51064 114.277 14.7234 -83.9787 48.7872 60.8511 -99 -139.149 -48.8723 140.809 -13.4043 -22.766 -64.4681 38.3404 -54.7447 41.7447 56.5319 -127.638 -143.213 -145.043 -165 135.234 -125.723 -47.9362 105.83 79.383 -207.787 -124.468 -3.51064 111.532 -46.8511 -130.064 -18.8085 -99.4255 -8.91489 -70.617 213.489 32.9149 -75.6809 -103.404 24.5532 85.4468 -52.4468 31.0213 -100.596 118.553 84.5957 29.1277 2.70213 169.064 92.1064 82 -44.8511 -138.213 123.255 -102.468 -29.5745 101.979 -7.40426 -106.596 -7.55319 -26.0213 99.617 101.234 140.766 -115.149 -40 -127.447 82.0851 7.97872 -129.064 -137.043 -25.5532 59.234 197.638 -108.213 -186.426 28.5532 -77.4681 52.8085 30.5745 -131.681 26.3404 214.489 139.021 -106.745 -149.021 -5.78723 6.3617 36.4043 156.021 -117.723 | 197.511

0 0 120.248 79.8496 79.9646 -60.8584 8.15044 80.0177 27.5841 -19.7876 36.8496 -8.37168 -41.2832 9.12389 98.9292 88.8496 16.469 -26.9735 -24.2301 -5.78761 -52.7257 49.7788 12.292 -17.6549 -78.1947 76.9646 -16.0265 123.469 82.5487 -40.3009 61.2832 27.4248 -8.59292 -58.5929 133.23 113.292 -83.5841 -38.0442 -53.1947 -5.23894 102.071 27.8584 -8.28319 71.4513 -112.681 -53.1239 79.0088 -4.20354 0.884956 -23.5841 24.2743 27.7611 105.664 -96.8761 -133.726 -44.354 -20.1504 -90.6726 -91.8761 -90.5575 81.9381 142.805 35.1062 57.7522 -9.92035 -6.43363 86.1681 -13.7345 67.7434 -68.9292 -6.02655 6.44248 -126.381 5.44248 50.3451 29.7965 -26.7434 37.3274 123.327 118 58.5487 -67.3451 -55.3186 60.7965 114.584 -48.8496 86.9115 -73.8142 -37.5133 3.29204 -64.0177 -129.115 -24.0708 111.841 114.407 -40.3628 -66.1416 22.2566 -149.442 106.814 | -61.5398

7.10543e-015 0 0 -75.1426 90.9748 35.9017 -74.9685 81.5657 -14.2019 -37.2135 -80.6025 127.624 -84.9984 -114.279 105.745 38.4569 -3.79685 -27.6733 167.682 113.206 100.221 -196.754 65.4166 -44.0513 47.4868 188.851 164.532 211.151 114.057 -180.692 214.371 -39.7473 -42.9026 -16.6293 226.03 35.9567 84.4089 7.04608 77.6569 261.646 81.1118 43.0746 -46.2474 -99.5074 -166.605 59.8008 20.2251 141.202 53.8785 -112.542 -23.1857 10.192 195.285 -38.5263 -50.3783 125.325 -81.005 -101.009 -59.7286 -166.506 128.773 196.716 -81.0527 -38.6621 -26.9249 -148.911 -106.781 92.2619 -10.1842 11.0861 -20.2595 -57.9263 -56.6003 211.601 87.7152 78.608 -0.938545 -45.4208 14.8854 49.8113 81.474 -108.623 -230.456 39.9581 212.873 15.0608 -37.0312 -39.1624 0.886817 101.113 119.391 -234.747 -37.9773 132.631 137.297 -25.1729 -0.221589 -76.776 -189.532 102.118 | -276.253

0 0 0 0 -126.281 -157.741 114.817 -85.0044 -21.5618 14.9051 94.8197 -125.015 -62.8863 80.9039 -180.849 10.2978 159.427 31.2814 -174.238 -192.371 -132.459 185.528 -2.20001 131.62 -134.286 -101.08 -273.791 -220.308 -122.27 136.087 -237.304 -15.9572 173.806 -124.021 -259.778 84.185 -112.548 23.2579 63.7212 -271.338 42.7158 11.0192 165.187 186.985 132.027 46.3914 38.2926 -93.7373 -31.9034 192.744 51.1211 59.0387 -145.82 29.485 -11.1584 -86.1512 86.975 13.0823 136.524 225.997 -145.555 -128.361 19.1497 138.581 39.567 98.126 78.114 -25.3891 -19.3656 -48.8109 18.796 -29.5095 -17.6764 -300.88 -81.0529 -63.6497 45.2532 -45.959 -154.496 -84.3905 -123.475 -36.6811 221.986 -101.904 -232.283 39.1163 -35.9439 -49.2732 34.7436 -82.1786 -137.287 175.17 125.277 -146.538 -68.2639 163.921 17.18 14.9906 248.396 -186.317 | 260.014

0 0 0 0 0 257.757 -268.338 132.104 116.43 206.197 -95.3153 267.323 46.8189 -70.7213 258.602 -47.8159 -338.985 86.8579 347.756 294.337 174.035 -438.571 -81.4059 -166.901 400.407 111.433 228.72 238.783 30.8334 17.1932 420.233 -207.454 -162.99 252.81 161.312 -295.56 201.949 138.611 -302.716 413.389 -66.7336 -208.123 -303.242 -362.119 -157.084 -61.4401 -95.0752 7.82334 191.396 -150.161 -274.914 -2.10692 278.982 89.6998 187.724 339.282 -256.066 147.906 -104.389 -297.528 289.803 58.9979 173.967 -328.415 -89.2486 -147.592 -108.746 -43.5379 -27.7903 5.21698 151.375 248.501 17.7616 415.268 95.9148 -8.61323 -4.65069 18.8789 216.8 -46.661 176.377 52.3284 -110.969 -42.4352 93.9607 -37.9811 -48.4341 95.6519 -81.3894 -49.6642 412.138 -57.8663 -18.9169 61.92 -28.1886 -263.97 -83.3877 28.1396 -354.21 148.621 | -327.349

-7.10543e-015 0 0 0 0 0 -29.7235 -121.006 3.85128 -35.3516 36.8681 16.4295 130.612 -31.4651 97.6988 -83.9723 -81.4082 -36.4176 -40.5211 -9.17125 -66.9724 9.10088 -5.54084 32.0366 9.43943 -121.421 113.892 -105.628 80.5145 65.6575 -42.9103 110.638 -88.6772 7.45072 15.1906 -179.164 -98.2844 -77.166 -115.04 -74.3561 -200.787 -14.8744 19.275 -8.79304 124.239 -106.046 -55.693 -137.181 -64.512 25.5985 21.9161 -65.8393 -227.653 75.9582 27.1995 -106.44 76.2587 85.1668 -4.87894 140.798 -156.013 -111.522 99.4527 51.8936 57.4962 57.5936 107.972 42.1435 -64.94 134.326 -56.5535 85.9758 125.682 -11.6076 -87.5302 19.0784 -87.8722 105.899 176.556 86.1107 11.457 268.367 -2.9883 -1.53092 -118.108 59.0416 182.729 163.064 -8.48919 100.785 -25.2589 154.377 -162.364 -104.732 -140.977 -126.011 7.90626 72.3569 46.9012 47.7513 | 112.261

3.55271e-015 0 0 0 0 0 0 -140.384 39.9887 130.35 79.9288 -33.4482 200.251 212.619 -199.805 -28.5829 -173.627 68.6438 -28.1821 -104.6 36.8171 70.1392 -186.212 -35.6587 45.6116 -283.897 30.904 -133.721 -211.567 83.7596 -109.534 -16.7539 -152.458 190.314 -220.267 -73.8078 128.794 -3.39082 -109.627 -159.602 -73.8083 -173.171 -26.3376 -69.5938 57.2307 -96.6846 -100.942 -13.1122 -22.6015 49.6972 48.1929 -91.7793 -80.6062 85.4403 224.205 -43.8495 -48.2894 66.1191 -6.44564 107.095 -118.419 -255.205 -82.0558 -32.0188 44.4491 60.179 -30.9269 -36.6046 9.83309 -52.3372 81.3354 100.117 23.6546 -72.3947 -91.924 -71.171 -72.8007 65.3847 40.5937 -163.861 -124.76 129.13 296.342 -96.6775 -206.414 -152.198 -24.7293 161.803 -91.1336 -26.3971 51.3012 131.629 1.91205 -154.136 -235.499 8.89659 29.4017 17.1294 284.937 -102.96 | 235.834

0 0 0 0 0 0 0 0 110.369 380.264 61.238 -211.023 306.978 740.049 -684.939 -1.29416 -348.234 405.085 122.657 -200.036 282.464 307.322 -398.821 -328.95 13.8502 -541.893 -152.777 -112.391 -789.86 63.3572 -238.429 -333.092 -151.472 598.807 -582.564 143.646 497.579 118.646 -21.3433 -347.363 283.841 -564.125 -171.247 -350.638 -128.516 3.44064 -186.084 346.928 80.4181 79.976 90.0469 -96.1782 195.502 161.564 495.385 1.0318 -205.403 -57.8117 -73.1215 -160.259 -73.3269 -357.804 -324.376 -200.315 91.7969 133.566 -235.2 -278.011 261.478 -396.233 385.421 91.1813 -145.362 -109.282 65.7863 -283.061 111.615 9.7587 -325.503 -523.859 -307.525 -171.111 764.971 -140.23 -212.962 -634.887 -472.265 51.0764 -296.004 -240.486 234.586 72.9619 490.444 -126.157 -349.327 217.867 -59.871 42.5787 760.745 -237.328 | 433.35

0 0 0 0 0 0 0 0 0 -48.3514 148.658 81.4729 8.24162 -315.331 123.222 -33.0271 98.7388 -220.042 -222.004 103.031 -131.669 -153.075 -74.4999 165.893 221.603 103.049 79.981 -52.658 236.384 200.275 173.396 140.404 -52.7721 -273.421 43.6336 -121.544 -94.1995 27.0824 -246.062 217.439 -268.709 204.469 -28.6479 244.587 204.014 -10.2399 123.618 -358.53 73.3998 -15.9247 -178.42 87.1345 -29.9175 -103.882 -128.452 202.676 -58.6482 145.578 53.2695 158.439 238.344 -43.7177 131.672 47.5908 -206.168 -154.606 98.3203 101.46 -116.729 103.173 -84.2307 86.6345 -41.2506 64.2791 -138.13 12.6831 -53.2479 68.1215 166.576 43.9668 13.2239 164.062 -117.605 -133.165 -29.517 285.552 121.21 90.5934 130.482 -159.586 -87.4159 17.0193 -335.084 23.7107 -35.4038 -91.2679 64.3174 -134.502 -449.944 -95.284 | -71.1077

0 0 0 0 0 0 0 -5.68434e-014 0 0 337.051 436.315 -67.6461 -949.156 136.846 3.10872 337.368 -728.407 -679.021 396.649 -297.605 -719.728 -383.624 482.227 756.966 468.761 209.639 164.62 655.06 319.093 706.062 277.33 -244.726 -821.869 188.099 -225.133 34.6946 317.823 -595.803 1006.45 -578.077 688.061 -121.195 641.004 426.923 173.846 435.532 -998.259 372.915 -235.442 -587.205 326.045 333.543 -521.044 -329.108 868.221 -415.863 443.302 254.073 286.918 1147.22 -55.0747 188.951 2.58925 -819.924 -744.992 36.3483 361.512 -314.524 25.7447 -122.718 212.173 -309.37 395.496 -402.495 31.8652 -144.974 9.66682 394.992 -246.744 41.9038 179.397 -426.095 -500.354 -0.529123 795.406 -25.2728 89.1682 467.473 -627.436 -147.425 -235.307 -879.443 178.188 5.20155 -105.167 318.62 -774.248 -1561.71 -369.632 | -470.662

0 1.77636e-015 0 0 0 0 0 0 0 0 0 -158.876 -56.5064 192.255 -68.5262 -6.84583 -109.659 140.781 287.115 -104.067 54.675 85.8958 -39.1497 -27.7323 -46.0729 -79.4847 121.316 -68.8588 -193.083 -73.6777 -6.80827 -110.155 -132.981 170.042 -77.9485 15.2354 0.669253 -166.145 102.45 -122.151 106.342 -190.974 -2.28468 -32.4051 -225.795 -218.165 3.8682 279.082 -107.845 128.904 38.1398 -45.273 1.2627 116.944 139.521 -136.446 -83.6434 -69.1942 -99.7228 -77.1054 -207.681 -65.4775 -234.962 -81.0474 120.792 94.7532 -20.8725 -43.8942 69.787 -33.0881 -101.827 -62.8844 -106.535 -102.519 176.147 -8.30016 -21.5373 34.6013 -39.8026 140.629 -24.6307 3.77957 103.717 -18.0065 130.462 -196.943 103.688 -15.412 -128.743 172.625 31.0265 -61.2819 33.0373 -59.025 -12.331 115.838 -85.9509 219.394 342.44 -70.6987 | 80.8431

-3.55271e-015 0 0 0 0 0 0 0 0 0 0 0 954.499 377.929 26.535 -186.953 113.196 185.923 -1316.52 -147.18 -118.953 1157.15 499.427 -498.153 -614.156 -908.332 -987.413 -634.589 63.2671 911.387 -1185.12 586.598 1083.37 137.205 -538.869 138.48 -267.408 362.446 -460.084 -1273.58 -531.644 134.845 -61.0872 -284.79 1452.95 1045.29 -611.389 -825.394 232.105 -267.151 508.413 -191.999 -1117.19 222.433 -268.525 -472.165 1304.81 -132.787 185.109 588.101 -563.43 -103.015 1458.68 724.895 245.094 761.802 490.169 -305.032 -21.3993 430.03 878.69 358.462 1230.76 -168.934 -742.248 -270.697 405.95 307.233 -416.695 -533.943 -281.502 378.124 717.577 550.443 -1239.14 175.476 -344.16 420.07 128.065 -632.267 -338.041 1339.78 691.416 4.91099 -494.344 -685.513 53.4018 -91.1143 248.718 618.589 | 976.621

0 0 1.42109e-014 0 0 0 0 0 0 0 0 0 -1.13687e-013 238.533 -100.796 76.7604 -168.976 47.0692 175.212 -207.172 23.4631 90.8088 -181.599 -44.485 -110.936 -323.5 413.36 -226.958 -156.561 32.8484 213.813 -4.82159 -310.096 288.209 -229.682 65.4894 83.2474 -171.085 -117.88 -140.562 -84.9228 -53.5788 -82.915 124.937 -157.069 -182.714 64.6892 123.608 26.0702 122.459 81.3295 -139.148 -77.0658 33.94 126.051 -142.341 -57.7032 -127.245 -209.928 32.0642 -183.035 -234.742 -206.652 72.3784 15.8496 133.279 136.861 169.131 123.23 -85.6655 -50.6634 61.5983 -176.814 36.9107 84.0111 -99.9945 -66.5144 204.272 84.6115 -42.0108 -121.198 266.093 224.019 -230.084 8.11756 -279.202 121.536 97.0822 -75.7851 89.047 -27.1592 -155.826 -66.4624 54.8325 -78.3543 72.9844 -97.7665 141.34 169.667 -72.1309 | 133.017

0 0 0 3.55271e-015 0 0 0 -1.13687e-013 0 0 0 0 0 0 -244.488 -161.049 -230.505 69.6909 414.524 21.8501 189.131 -294.942 -240.307 -151.198 188.453 -109.678 634.064 -12.5251 -309.457 -83.3897 417.098 -248.606 -544.852 121.061 27.2547 -274.614 218.699 -123.863 24.8518 339.765 -84.1627 -328.416 -71.4502 -52.3888 -229.798 -452.261 129.483 228.001 -110.289 292.664 -193.734 -91.0661 167.739 167.167 111.854 149.401 -383.781 -34.546 -294.953 -282.092 -21.3075 -151.491 -453.569 -111.653 139.128 -54.0521 -26.4225 92.3481 235.672 -191.707 -157.145 111.854 -460.587 239.514 192.516 -168.809 -116.909 176.758 205.453 166.634 -119.768 290.283 -17.9855 -284.483 284.533 -369.277 144.825 103.119 -152.746 242.228 189.724 -328.062 -236.197 161.007 -159.191 94.899 -265.137 286.987 150.358 -143.726 | -133.805

0 1.42109e-014 0 0 0 0 0 0 2.84217e-014 0 0 2.27374e-013 0 0 0 -106.425 -220.14 230.269 386.15 93.8578 46.8097 -111.428 40.2907 -107.621 -16.9456 123.937 273.023 266.874 -65.1959 -286.793 84.8814 -156.301 -105.628 102.961 450.66 -185.385 105.874 -70.4291 133.255 62.637 316.996 -404.186 148.046 -283.136 -187.789 -382.857 -23.7417 362.864 -353.736 198.678 205.794 -173.116 74.0161 224.037 -28.2882 -228.699 -78.7552 86.4965 -168.326 -258.463 -281.758 83.9139 -162.89 -143.721 392.743 -36.6966 -196.427 -62.3533 145.626 -43.0772 -205.519 0.961463 -109.936 61.6915 26.3947 46.1661 -116.22 -71.6976 312.498 377.395 95.658 31.8404 -350.344 235.387 166.353 -195.957 186.142 184.81 -221.06 553.416 312.73 -288.999 64.8743 -79.0424 -43.1828 -191.179 -115.826 359.64 418.879 142.343 | -214.181

0 0 0 0 0 0 0 -1.13687e-013 0 0 0 0 0 0 0 0 176.471 -285.758 -448.432 68.3798 -223.107 -59.1285 -364.755 237.086 110.133 -19.5656 8.06426 232.201 366.267 -10.4046 141.19 279.447 -126.518 -80.4446 -161.487 68.2695 -25.6681 175.352 -343.025 254.354 -162.871 474.178 -143.131 233.524 131.714 288.526 229.312 -398.364 395.982 -433.203 -40.8195 284.562 205.921 -525.775 -48.5447 85.0345 -204.004 276.92 159.412 181.841 631.229 -124.618 181.943 -141.978 -699.685 -322.005 47.9569 172.024 -92.7687 -176.92 57.6262 -46.4782 -54.0139 31.3499 -13.4766 -52.6876 114.709 16.1561 -6.07232 -540.563 31.5122 102.729 -2.10774 -122.495 -40.7762 203.338 -371.954 -211.204 268.973 -487.986 -183.49 -210.204 -198.457 4.69868 80.6052 1.27056 406.073 -580.381 -662.811 -157.041 | 103.435

0 0 0 0 0 0 0 1.13687e-013 -2.84217e-014 0 1.13687e-013 0 0 0 0 0 0 -279.628 44.1094 49.0923 -24.77 -118.558 -385.271 65.8975 182.799 -114.869 352.243 -239.987 94.7512 1.0107 236.149 -18.4583 -371.344 -14.0481 -366.048 -63.7238 -1.25137 -82.335 -14.2248 249.864 -312.179 262.037 -289.457 95.5065 -215.095 156.696 150.935 -328.615 389.535 -179.489 -359.116 77.4228 16.9492 -267.939 99.1202 226.586 -180.309 80.6346 75.4172 129.361 514.708 -213.656 -157.773 -122.311 -393.837 -168.957 190.446 83.4072 -34.035 52.354 34.3857 111.258 -201.082 236.863 214.714 7.65735 -17.8224 188.209 -122.391 -296.91 192.869 316.024 109.448 -513.771 135.543 60.143 -90.4487 -196.908 94.9386 -404.134 -213.474 -16.8802 -211.477 -24.0316 -156.563 319.949 122.526 -412.205 -506.028 -217.935 | 49.295

0 0 0 0 0 0 0 0 0 0 0 0 0 0 0 0 0 0 1020.07 -261.724 605.181 70.3552 355.942 -548.967 166.27 -324.552 109.873 -1772.55 -873 525.834 -294.359 -777.595 53.6803 -227.039 -1152.17 -119.969 -154.305 -488.402 1270.86 -431.218 -757.647 -237.094 -375.008 -172.713 -674.698 402.676 -275.45 -59.8065 267.016 515.707 -1197.82 -268.797 -608.302 729.415 435.398 878.437 489.207 -936.051 -0.0247373 136.83 -263.495 -144.702 -481.717 412.25 711.204 746.582 593.895 -439.731 -108.19 825.561 475.445 312.255 -24.5536 420.788 631.322 148.146 -56.9341 480.178 -1300.39 337.257 279.673 200.911 878.249 -1285.14 81.6755 -134.607 364.029 -326.427 -189.461 -391.899 -531.485 1462.81 214.36 123.491 -510.757 1299.27 -745.079 93.0219 417.43 -318.144 | 152.608

0 0 0 0 0 0 0 1.42109e-014 2.84217e-014 0 0 0 0 0 0 0 0 0 0 -16.1583 -119.36 190.682 -2.66507 59.27 47.8477 -68.5684 244.235 -131.801 176.96 256.794 262.687 159.106 -74.2319 -2.83357 -50.6388 20.3534 -65.6189 -85.6707 -280.103 39.1863 -375.515 54.8012 -180.477 372.646 172.64 -41.4361 121.416 -104.179 25.9652 71.5985 9.80624 -57.6199 -108.783 57.2871 6.9215 -67.9983 65.9022 -168.655 -207.422 31.8858 -107.475 -173.25 134.869 181.76 -198.315 -55.0359 303.444 141.642 34.6075 156.05 -110.747 154.792 -153.465 247.776 129.086 -106.819 26.9843 182.044 -29.2623 136.147 -115.095 201.125 -24.4138 10.4497 -25.5234 136.033 169.303 116.318 209.481 -37.968 -65.6609 31.9015 -292.372 185.11 6.23476 -9.74072 -45.2043 167.249 -305.456 -73.5031 | 32.531

0 1.77636e-015 0 0 0 0 0 0 0 0 0 0 0 0 0 -7.10543e-015 0 0 0 0 -166.97 283.019 84.7417 130.552 -50.1038 -45.8887 577.271 76.127 428.739 353.705 592.064 404.23 -205.088 225.15 198.372 24.4365 -172.508 -126.826 -755.188 112.005 -531.143 136.933 -323.344 620.68 539.669 -247.111 65.5957 -104.304 58.8864 251.858 276.15 -171.978 -271.993 183.257 -63.8719 -366.902 110.821 -278.172 -450.659 106.72 -484.881 -316.586 358.926 291.767 -262.128 -112.531 418.992 442.245 240.098 236.56 -326.327 304.572 -345.532 339.244 70.975 -252.007 56.3928 279.848 259.411 241.01 -276.432 462.83 -182.246 347.667 -174.44 45.0958 351.563 310.171 304.141 175.615 164.15 -330.788 -477.909 379.81 60.3097 -306.313 -59.8389 434.306 -516.514 154.261 | 160.036

0 0 0 -2.84217e-014 0 0 0 0 0 0 0 0 0 0 0 0 0 0 0 0 0 752.927 1432.7 342.252 -1640.15 275.983 3178.62 2244.68 2164.34 885.145 2997.28 2409.38 -1077.56 2868.75 2797.94 127.395 -1182.93 -301.476 -4845.03 331.563 -1132.36 808.98 -1369.19 1816.95 4367.19 -2018.66 -1440.21 253.348 617.279 2288.85 3192.65 -1393.34 -2046.4 1847.54 -862.786 -3389.49 776.053 -1421.98 -2589.35 990.207 -4770.5 -1168.99 2660.47 1229.48 191.124 -18.6524 651.73 3264.85 2641.31 740.706 -1866.14 1653.72 -1730.22 540.558 -1108.41 -1717.26 434.729 949.557 3074.67 730.516 -1863.74 2606.1 -1462.49 3845.84 -2191.04 -1720.11 1877.14 2096.5 530.826 2581.45 2953.13 -4079.07 -958.043 2119.43 537.432 -3483.65 -305.61 2936.48 -1618.58 3162.53 | 1704.93

7.10543e-015 0 0 0 0 0 0 0 0 0 0 0 0 2.84217e-014 0 1.42109e-014 0 0 0 0 1.13687e-013 1.42109e-014 -143.507 273.62 -262.381 -86.9565 1458.14 909.755 899.557 154.169 1190.8 933.125 -660.116 914.693 841.862 -51.2502 -131.375 65.0479 -1689.55 419.796 -383.097 490.089 -495.931 712.544 1134.74 -685.457 -119.489 -99.4014 274.048 449.32 963.684 -307.866 -97.3119 133.652 -285.504 -964.722 -133.938 11.5725 -1015.18 209.184 -920.074 -539.634 698.491 10.8362 -476.336 -261.028 123.47 1112.5 768.078 11.7502 -628.225 468.737 -662.975 347.336 -208.788 -522.796 4.212 282.262 1128.27 -188.651 -519.021 1060.45 -571.468 932.305 -610.085 -480.396 275.334 684.237 158.742 605.88 947.994 -1760.35 -629.228 577.193 241.522 -1201.89 135.497 468.222 -844.682 728.637 | 352.66

0 0 0 0 0 0 0 0 0 0 0 -1.13687e-013 0 0 0 0 1.42109e-014 0 0 0 0 0 0 -1371.19 1558.71 254.947 -6704.9 -4438.17 -4096.51 -932.155 -5882.57 -4524.83 3192.15 -4670.45 -4292.78 355.228 916.167 -9.16663 8542.13 -1925.69 1883.63 -2060.54 2191.68 -3632.94 -5989.42 3808.6 1043.68 68.156 -1086.07 -2632.8 -4666.81 1682.21 1177.09 -1192.4 1339.56 4826.29 656.885 409.656 4720.35 -1069.65 5519.29 2610.27 -3357.58 -422.492 1877.81 1075.82 -631.894 -5601.52 -3912.15 -131.474 3348.61 -2252.15 3287.95 -1218.54 1350.43 2727.81 -111.631 -1348.24 -5889.28 234.444 2856.39 -5089.62 2590.96 -5151.56 2968.55 2461.31 -1865.14 -3565.38 -719.116 -3374.54 -4775.24 8424.67 3176.59 -2953.82 -1239.25 6022.08 -221.22 -3158.62 3838.47 -3923.65 | -2104.07

0 7.10543e-015 0 0 0 0 0 0 0 0 0 0 0 0 0 1.42109e-014 0 0 0 -7.10543e-015 5.68434e-014 0 0 0 3.22699 -422.811 710.112 -220.262 47.5778 617.462 749.56 328.065 -542.318 402.004 -289.452 -388.238 -175.542 -143.018 -1067.87 261.214 -777.874 -37.1309 -407.396 686.471 661.107 -470.004 38.3961 -280.156 273.728 469.332 -265.156 -73.9494 -458.629 323.387 54.0318 -65.5838 -117.061 -221.742 -506.454 217.446 -723.988 -470.199 301.226 379.79 -259.652 132.627 633.137 464.695 363.139 56.0174 -307.417 477.325 -472.721 149.783 46.3684 -476.578 228.03 397.741 479.384 151.505 -473.916 823.733 362.032 16.9548 -290.746 -398.305 391.593 213.993 142.406 13.7464 172.892 -183.857 -669.31 548.423 -60.9617 -342.382 -506.245 654.923 -561.742 207.91 | 618.286

-8.88178e-016 0 0 0 0 0 0 0 0 0 0 0 0 -7.10543e-015 0 0 0 0 0 0 0 0 0 1.13687e-013 0 80188.8 -136159 40809.4 -9808.46 -117402 -143257 -62932.7 103170 -77186.6 53886.7 73715.3 33591.2 26820.3 204410 -49853.1 147815 6733.36 77858.5 -130677 -126961 89585.4 -6945.43 53398.2 -52428.5 -89735.5 49095.6 14350 87234.8 -61690.1 -9796.97 13510.5 22143.3 42388 97313.6 -41559.5 138395 89477.4 -58431 -72227.2 49394.3 -25154.4 -120212 -89339 -70094.3 -10564 58677.9 -91421.3 90451.7 -28882.5 -8385.03 91219.4 -43476.2 -75980.5 -91989.8 -28318.5 90422.9 -157313 -68037.4 -4268.37 56176.3 76531.3 -74596.1 -41203.7 -27188 -3298.84 -34102.9 36644.1 126959 -104783 11462.6 66330.6 95896.2 -124942 107437 -40538.2 | -117681

0 0 0 0 0 0 0 0 0 0 0 0 0 2.84217e-014 0 -7.10543e-015 0 0 0 0 1.13687e-013 -2.84217e-014 0 0 0 0 -237.228 224.447 -91.4839 -391.981 -169.593 99.8592 -64.9752 -77.9595 19.4957 94.4022 201.047 -101.106 432.485 -112.275 360.007 83.9755 331.822 -194.231 -378.117 -152.809 76.4945 395.858 -372.288 -305.7 12.4377 -72.3044 48.3548 -159.986 -17.4323 98.4293 28.5605 40.4004 305.92 6.94036 66.5411 131.272 -470.287 -113.822 58.9625 -41.7348 -134.64 -222.845 -229.855 -188.349 -52.1682 -541.126 93.6057 -240.389 -71.5656 238.218 -178.371 -172.876 22.7076 280.856 144.757 -172.871 97.6114 -43.4598 398.038 131.144 -110.92 -164.705 -14.8963 135.778 -261.872 -17.7438 23.0358 -35.827 19.6558 103.341 69.4043 -179.948 449.268 -192.716 | -146.975

0 0 0 0 0 0 0 0 0 0 0 0 0 0 0 -8.88178e-016 2.84217e-014 0 0 0 0 0 0 0 0 0 0 -704.988 -214.203 736.673 131.22 22.3013 -26.5454 -28.3356 -445.659 -191.486 -180.418 -148.061 -335.384 120.416 -792.896 -39.7647 -373.832 581.394 519.662 59.4951 -289.34 -436.738 181.034 392.574 -517.248 -34.3273 -405.268 212.383 71.268 180.523 -218.347 -344.738 -168.369 -114.067 -232.187 -439.677 141.23 204.113 -314.306 79.1314 346.859 112.245 139.589 438.078 5.03406 465.825 -120.403 289.185 73.7873 -411.756 93.0865 225.548 -274.949 -150.403 -157.454 283.215 52.6413 -199.593 -428.293 312.98 201.854 387.38 31.0423 -373.502 -16.0543 397.177 -475.6 -50.0207 -58.5645 143.47 -299.645 357.235 -791.559 -49.3994 | 321.508

0 0 0 0 0 0 0 0 0 -2.84217e-014 1.13687e-013 0 0 0 0 0 0 0 0 0 0 2.84217e-014 0 0 0 0 0 0 92.005 240.252 18.1998 -250.062 182.716 55.566 -236.235 2.01049 -433.771 143.244 -508.518 6.10716 -192.053 -153.238 -432.606 -55.0245 278.077 204.413 -153.42 -600.669 490.498 356.037 -136.482 300.309 1.22731 -16.3777 9.6574 31.4608 -88.4617 8.33377 -124.932 66.6847 281.132 66.7818 591.489 57.4906 22.0545 81.287 186.359 -61.7551 226.613 51.7343 310.029 616.284 -104.484 7.01377 55.7078 -204.603 260.741 93.4165 59.0391 -350.234 102.935 181.309 129.652 -126.614 -230.226 -258.285 111.096 -116.421 -141.361 -263.363 322.393 114.929 358.418 -124.218 -259.893 8.56315 -66.2483 62.1434 -324.516 122.822 | 160.847

0 0 0 0 0 0 0 0 0 0 0 0 0 0 0 0 0 0 0 0 0 0 0 0 0 0 0 0 0 -151.229 -87.0473 -477.25 195.619 -79.892 94.3716 132.102 -17.9761 257.845 143.424 -85.4897 237.887 -60.781 53.3169 -192.281 -289.747 328.442 341.22 -82.7543 197.36 33.0131 19.3755 304.955 299.797 19.2329 112.255 -91.4366 19.0791 215.704 131.798 -101.467 316.862 178.411 197.112 -15.9566 213.262 15.9636 -161.101 85.7122 76.7733 -154.651 111.78 120.965 203.674 -74.331 102.395 159.347 188.168 -48.6155 -164.654 -228.547 -73.1329 -394.868 10.0255 -146.33 -60.2592 -264.54 -101.588 -118.104 -136.158 -37.8501 96.3866 81.8873 338.728 -142.145 -10.8265 78.7042 163.477 -268.454 348.824 -50.3598 | -152.225

0 0 0 0 0 0 0 0 0 0 0 0 0 0 0 0 0 0 0 0 0 0 0 0 0 7.27596e-012 0 -2.84217e-014 0 -2.84217e-014 289.995 1242.8 -733.654 179.232 -96.1436 -0.180026 580.038 -715.434 370.883 233.375 -419.601 592.549 194.299 739.057 215.836 -589.431 -479.794 855.292 -804.28 -529.559 16.5486 -821.95 -390.886 -9.32861 -255.09 14.3035 -32.5081 -450.256 -75.4407 -254.526 -765.856 -632.352 -1195.4 -141.355 -861.183 -172.306 -67.3891 -54.7395 -469.682 258.075 -521.203 -1014.28 -277.929 371.018 -95.8174 -59.506 -550.66 -168.551 -151.644 610.339 -116.57 317.253 -312.672 311.721 300.832 1027.61 -32.3114 547.095 505.363 160.024 -805.836 -403.271 -1157.3 464.209 633.24 -138.632 -71.311 69.6837 -667.302 -260.69 | -17.2406

0 0 0 0 0 0 0 0 0 0 0 0 0 0 0 0 7.10543e-015 -5.68434e-014 0 0 -1.13687e-013 0 0 0 0 0 0 0 3.55271e-015 0 0 -592 501.152 -380.525 378.839 166.584 17.0533 340.644 245.256 -35.489 64.9992 -112.26 316.577 -55.1759 -130.705 448.32 548.5 6.47137 85.8316 -111.361 25.387 326.483 537.872 77.7767 111.062 44.0914 -34.2306 -166.305 -41.5047 -298.564 348.153 392.15 499.035 236.217 158.333 3.42539 -165.887 181.076 203.561 -276.881 202.695 107.561 290.677 266.681 76.3285 -109.428 252.269 250.209 -487.397 -160.488 -235.659 -523.357 -208.539 -90.8636 -37.266 -78.6271 -111.652 93.5686 47.4987 -75.8944 180.661 183.288 283.574 -38.8493 -76.5285 -23.9384 167.3 -86.0719 342.451 -250.224 | -525.089

0 0 0 0 0 0 0 0 0 0 0 0 0 0 0 0 0 0 0 2.84217e-014 0 0 3.55271e-015 2.84217e-014 0 0 -2.84217e-014 0 3.55271e-015 0 0 0 -183.758 402.959 -427.25 170.713 -143.586 85.3837 -415.083 -230.479 -97.5448 221.589 -152.551 -105.491 -115.964 -1.29694 -97.5152 -93.4502 236.377 226.685 27.0687 352.745 -98.4826 91.9798 211.322 -309.148 -133.424 394.679 215.045 101.224 -40.6472 -408.396 121.511 -242.643 116.95 23.46 -238.026 51.5155 41.1469 -74.1426 51.954 116.05 58.5564 -419.821 35.0643 122.307 167.093 -113.343 140.711 -277.422 -118.46 -65.0903 313.803 -68.8632 -266.391 -398.853 -92.7082 21.6375 -452.595 -28.7421 181.733 -254.3 199.47 -314.877 50.3719 40.5466 144.295 -181.354 188.128 65.6733 | 370.871

0 0 0 0 0 0 0 0 -1.42109e-014 0 -2.27374e-013 0 0 0 -5.68434e-014 0 -1.42109e-014 0 0 0 0 0 0 0 0 0 0 0 -2.84217e-014 0 0 0 0 -892.258 620.778 -846.744 -291.494 -660.401 642.312 1130.27 564.462 -1222.78 -980.264 437.501 634.107 -611.57 -355.607 -858.583 -229.827 256.924 -664.27 -1330.58 -362.833 -807.008 -1151.39 1416.43 516.142 -1191.16 -667.654 159.523 531.602 1282.96 -1063.28 679.593 -544.465 206.02 1868.63 -677.731 -154.903 622.371 -183.056 442.426 -1121.11 830.582 76.3572 -243.656 -842.896 -234.876 655.412 917.58 1211.72 1087.34 -266.828 -352.554 1181.66 1018.61 920.218 -1036.96 1592.26 -240.413 -886.712 1162.53 -498.984 1366.3 -584.338 310.535 -1170.77 655.476 -1528.05 293.677 | -350.811

0 3.55271e-015 0 0 0 0 0 0 0 0 0 0 0 0 0 0 0 0 0 0 0 0 0 0 0 0 0 0 0 0 0 0 0 0 0.311801 4.35019 155.723 179.614 260.114 -198.936 -33.8336 468.139 540.42 -216.535 -196.609 596.712 31.2084 199.033 -95.7139 -380.545 9.17612 146.557 -3.85806 378.808 211.879 -527.197 -45.158 306.528 115.446 -239.442 -375.987 -355.016 488.736 -230.268 99.5132 -88.3544 -708.955 185.209 -97.4844 193.624 64.2119 -287.239 448.914 241.737 -279.253 -5.11577 400.551 88.102 -432.69 -270.611 -134.051 41.468 -523.924 271.507 -584.136 -20.4797 -408.431 630.078 -511.36 106.464 256.531 -188.822 73.6055 -717.848 119.72 -405.399 424.765 -225.338 321.166 101.346 | 5.39074

0 0 0 0 0 0 0 0 0 0 2.27374e-013 1.13687e-013 0 0 0 -5.68434e-014 7.10543e-015 0 0 0 0 0 1.13687e-013 -4.54747e-013 0 0 0 0 0 2.27374e-013 0 0 0 0 7.10543e-015 1251.67 24782.1 27971.6 40804.7 -30803 -5474.36 73038.7 83464.6 -32710.3 -30930.8 92304.6 5647.69 31404.8 -15017.7 -58917 1487.35 23078.9 -94.1575 58365.9 32857.4 -81334.1 -6984.71 47413.1 18262.3 -37497.1 -57661.3 -55183.4 74601.3 -35648.8 14848.1 -13780.7 -109444 29045.5 -15386.7 29592.1 9523.21 -45097.5 69597.8 37145.1 -42614.5 -252.798 61796.7 13423.2 -67681.1 -41832.3 -21522.6 4978.24 -80732 41630.4 -90114.7 -2865.69 -63401.6 97358.4 -78622.4 16342.6 38910.5 -29303.1 10674.9 -110351 19290.5 -62071.3 65998.9 -35329.1 49926.6 14760.8 | 443.247

0 0 0 0 0 0 0 0 0 0 0 0 0 0 0 -2.84217e-014 0 -1.13687e-013 0 0 0 0 0 0 0 0 0 0 0 0 0 0 0 0 0 0 -3503.59 -3897.33 -5726.39 4137.23 364.184 -10045.4 -11742.1 4907.25 4389.01 -12941.4 -660.165 -4167.35 2113.25 8295.71 -141.721 -3006.07 62.7333 -8129.37 -4334.46 11396.3 744.743 -6766.38 -2476.27 5238.47 8296.25 7630.11 -10495.8 5049.01 -2355.77 1878.62 15428.2 -4041.72 2270.46 -4313.77 -1282.64 6325.48 -9689.26 -5280.98 6075.49 -96.041 -8733.97 -1758.22 9045.81 5619.42 2691.47 -1001.69 11518.8 -5899.68 12646.6 370.542 8846.52 -13716.5 11208.3 -2428.43 -5488.03 4086.35 -1660.13 15682.6 -2468.25 8882.52 -8972.55 4754.74 -7118.18 -2411.22 | -191.131

0 0 0 0 0 0 0 0 0 2.84217e-014 0 0 0 0 0 0 2.84217e-014 0 0 0 0 0 2.84217e-014 0 0 0 0 0 5.68434e-014 2.27374e-013 0 0 0 0 0 0 0 -1466.43 -1438.03 3109.24 2410.26 -4718.6 -5091.47 1722.7 589.455 -6395.6 580.667 -2058.03 87.8311 3473.77 -273.156 -2214.56 822.311 -4549.01 -3541.93 5906.21 1854.64 -2722.73 -964.446 1675.72 3097.56 3625.98 -6652.87 2022.06 -123.327 1271.02 6969.33 -1117.14 -391.99 -1908.69 -1688.86 1307.4 -4727.07 -2590.64 3175.12 1861.49 -4110.69 -1792.15 5667.72 4583.41 1705.84 -1311.67 4827.98 -2968.21 6162.86 763.115 3759.22 -5987.59 4883.41 -220.122 -3839.88 1819.3 -999.402 7268.97 -1305.2 4045.18 -5541.11 2831.83 -1436.58 -788.13 | -45.0753

0 0 0 0 0 0 0 0 0 0 0 0 0 0 0 0 7.10543e-015 0 0 0 0 0 0 0 -2.84217e-014 0 0 0 0 0 0 0 0 0 0 0 0 0 -29.0649 -375.862 -620.57 414.745 -313.534 -8.37975 400.629 1816.23 -502.01 -81.0826 1142.46 -565.949 160.564 319.495 227.059 487.682 274.524 -1123.19 -384.315 921.218 -284.147 -788.704 630.049 -91.0564 957.294 -464.085 -895.733 -606.289 -978.107 -227.962 380.743 533.264 501.693 581.622 587.407 1094.02 74.2604 -463.079 822.059 -381.472 -1213.49 -1588.5 -174.835 -90.5128 -1188.4 405.779 -618.726 277.065 -163.371 514.791 -120.963 -682.661 297.353 -188.099 209.405 -534.613 1050.33 -456.44 1075.55 -1226.94 -1779.26 266.788 | -424.666

0 0 0 0 0 0 0 0 0 0 0 -7.10543e-015 0 0 0 0 0 0 0 0 0 0 0 0 0 -3.63798e-012 5.68434e-014 0 0 0 0 0 0 0 0 0 0 0 0 4416.27 6556.64 -5314.71 3261.64 412.253 -3951.78 -20637.2 5540.02 1078.1 -12458 6170.88 -1408.47 -3953.13 -1685.31 -5598.46 -3023.77 12785.8 3888.28 -10827 2401.68 8232.95 -6736.87 1403.99 -10784.5 5351.37 9777.5 7073.69 10704.7 2655.47 -3932.38 -6828.02 -5130.42 -6289.91 -7055.84 -11738 -402.351 4624.41 -9509.58 4426.02 13323.2 17635.7 1542.95 748.173 13583.9 -4351.73 7226.52 -3374.05 2022.09 -5920.66 1972.39 7540.77 -3584.8 2130.09 -1772.11 6834.99 -11137.1 4801.29 -12294.7 13632.8 19271.4 -3211.03 | 4232.23

0 0 0 0 0 0 0 0 0 0 0 0 0 0 0 0 -1.42109e-014 0 0 0 0 0 0 0 0 0 0 0 0 0 0 0 0 0 0 0 0 0 0 0 -275.021 532.945 -1398.16 -62.8143 359.299 1936.89 -453.283 -936.133 1509.38 146.776 -72.5457 531.195 -379.892 -3.30248 -287.547 -617.995 228.173 1252.07 163.976 -150.915 1216.3 208.726 438.511 -434.572 -1227.1 -893.537 382.187 -580.302 -0.573747 1439.95 133.523 1102.1 482.943 616.529 396.817 167.322 936.044 -952.89 -685.399 -1486.14 382.809 -236.382 -1039.54 -261.751 -315.103 659.217 145.056 -507.702 266.69 -939.435 -33.2427 118.591 -395.485 -68.9142 726.172 501.848 832.846 -1367.52 -2515.81 551.153 | -92.8769

0 0 0 0 0 0 0 0 0 0 0 0 0 2.84217e-014 0 0 2.84217e-014 0 0 0 0 0 0 2.27374e-013 0 0 0 0 0 0 0 0 0 0 0 0 0 0 0 0 0 1527.87 -3036.61 -186.531 -122.711 2672.27 -137.922 -2273.16 1802.02 1563.35 -908.929 1750.03 -2602.89 -522.075 -653.494 -40.2941 1029.65 2343.11 1978.52 1791.04 2136.11 216.554 -16.715 -436.793 -1870.46 -2322.42 3340.37 -1392.8 -593.542 3948.81 -927.762 2080.19 1041.96 -925.632 538.273 1574.75 1745.26 -1858.91 178.44 -1559.56 1468.66 -430.951 -690.087 -1597.05 56.1044 1626.84 492.324 -2296.11 329.261 -1484.78 45.2106 646.906 -2380.88 -265.566 -365.764 2788.14 1144.84 -1802.67 -3467.61 737.359 | 1077.45

0 0 0 0 0 0 0 0 0 0 0 0 0 0 0 3.55271e-015 0 0 0 0 0 2.84217e-014 0 0 0 0 0 0 0 0 0 0 0 0 0 0 0 0 0 0 0 -2.27374e-013 97.361 93.7376 -504.521 -1643.23 1226.52 25.8182 -1357.51 1321.6 -446.868 668.947 -1426.64 -200.337 77.2165 963.969 262.519 -41.629 1546.22 1716.21 -546.968 -91.235 -845.46 711.951 906.329 -500.886 2045.6 241.693 -521.456 316.933 -1501.53 -175.295 322.768 -2076.84 -153.861 1027.82 -185.03 299.412 1583.23 1592.96 -104.862 -422.265 1445.65 -700.303 762.208 123.222 631.992 -1039.86 -282.902 837.674 144.404 340.505 -1492.33 126.242 -1311.71 1468.91 -894.108 1332.52 2042.67 -646.011 | 1064.74

-3.55271e-015 0 0 0 0 0 0 0 0 -2.84217e-014 0 0 0 0 0 0 0 0 0 0 0 0 0 0 0 0 0 0 7.10543e-015 2.84217e-014 1.42109e-014 0 0 0 7.10543e-015 0 0 0 0 0 0 0 0 733.47 -3725.83 -11847.3 8934.23 -171.577 -9397.04 9899.43 -3452.45 5211.47 -10673.9 -1566.76 613.359 7579.7 2204.71 -170.924 11471.3 13061.9 -3518.11 -236.69 -6292.5 5473.69 6161.21 -3723.79 15731.3 1631.11 -3823.3 2501.75 -11024.6 -753.691 2375.78 -15381.1 -822.83 7647.16 -1359.72 2030.62 11482 11362.1 -826.524 -3442.54 10944.6 -5390.64 5609.76 751.964 4724.89 -8367.59 -1535.92 5785.32 938.983 2903.95 -11219.8 1658.45 -9550.85 11407 -6628.89 9487.29 14316.2 -4569.63 | 8019.42

0 3.55271e-015 0 0 0 0 0 0 0 0 0 0 0 0 0 0 0 0 0 0 0 0 0 0 0 0 0 0 0 0 0 4.54747e-013 0 0 0 0 0 -9.09495e-013 0 0 0 5.68434e-014 0 0 1023.34 3671.91 -3107.8 164.997 2849.81 -3241.2 915.213 -1426.22 3483.33 558.847 72.3391 -2037.06 -1021.87 -206.286 -3836.02 -4011.48 1212.35 122.142 1946.94 -1626.43 -2266.1 1409.65 -4915.45 -529.128 1161.96 -955.366 3850.25 175.651 -955.923 4773.7 133.462 -2522.24 340.152 -505.264 -3801.3 -3820.13 107.866 991.149 -3289.23 1795.36 -2064.88 -386.456 -1764.69 2944.61 639.052 -2047.76 -339.303 -699.037 3427.99 -506.792 3184.25 -3565.26 2155.92 -2884.07 -4539.06 1208.04 | -2374.64

0 0 0 0 0 0 -7.10543e-015 5.68434e-014 0 0 0 1.13687e-013 0 0 0 0 -4.44089e-016 0 0 0 0 0 0 0 0 0 0 0 0 -1.13687e-013 0 2.27374e-013 0 0 0 0 0 0 0 -1.81899e-012 0 0 0 0 0 -1844.89 2390.92 -83.8409 -1301.74 1919.23 229.978 -298.395 -1962.99 -699.474 -779.826 455.632 1391.19 509.801 2270.06 1501.39 -694.796 -361.783 -1245.37 560.847 1669.6 -1196.27 2599.2 416.259 -427.188 759.205 -2971.82 -21.2157 610.873 -2188.51 544.936 1331.01 -194.51 52.0957 2125.28 2630.66 268.79 -332.331 1698.68 -1173.73 2232.42 748.383 1715.66 -2658.32 64.4731 1447.33 -78.3717 -36.4727 -1569.98 779.381 -1636.09 1891.77 -1101.33 1144.84 2092.44 -347.555 | 711.689

0 0 0 0 0 0 0 2.84217e-014 0 0 0 0 0 0 0 0 0 0 0 0 0 0 0 0 -5.68434e-014 0 0 0 -3.55271e-015 0 0 0 0 0 0 0 0 0 0 0 0 0 0 0 0 0 -167.968 391.817 53.0375 -40.2083 212.175 -459.49 33.5472 -22.3991 109.227 59.6373 71.0482 -35.0596 -119.41 58.6344 134.054 -89.2857 -192.124 -274.755 -2.64721 55.3656 -285.451 65.3014 -79.1858 -31.9175 -144.682 -34.6971 -207.842 201.359 -119.511 -46.8947 -223.017 279.521 -61.15 -114.713 48.9851 122.012 109.484 314.709 159.433 -200.53 72.7237 -280.956 221.635 -44.5654 89.5052 -310.437 90.7834 329.724 134.163 -130.807 316.463 140.788 -109.219 -11.5487 | -247.212

0 0 0 0 0 0 0 0 0 0 0 0 0 0 0 0 0 0 0 0 0 -7.10543e-015 0 0 0 0 0 0 0 0 0 0 0 0 0 0 0 4.54747e-013 0 0 0 0 0 0 0 0 7.10543e-015 223.896 -262.052 236.752 214.901 229.305 -168.287 327.387 107.575 -498.634 -197.101 416.048 295.456 198.315 40.8179 -237.297 -38.8265 -305.94 15.245 -361.418 -295.827 94.7687 -250.16 143.552 -261.237 -83.6246 46.1812 -359.745 -331.656 198.777 43.8586 -222.203 133.845 -163.571 -15.9346 -203.515 -406.251 367.597 -461.281 77.5326 -4.5964 399.342 -400.121 201.497 317.147 -284.487 -55.6614 -650.473 285.436 -217.071 472.838 251.388 196.477 -295.133 | 93.4446

0 0 0 0 0 0 0 0 0 0 0 0 0 0 0 0 0 0 0 0 0 0 -7.10543e-015 0 0 0 0 0 0 -1.13687e-013 0 0 0 0 0 0 0 0 0 0 0 0 -1.13687e-013 0 0 0 0 0 1519.89 -1165.81 -661.967 -2994.69 851.101 -1866.46 -916.678 2370.55 1751.36 -1227.47 -1720.8 -1339.37 234.872 1094.42 -773.083 410.401 302.038 1980.91 365.721 -542.777 860.51 -429.989 -127.842 323.663 -464.917 2771.28 1375.78 -584.816 -764.663 1759.19 -145.664 1008.69 251.171 1670.88 2100.56 -1094.23 3672.6 -679.645 1202.41 -3198.46 2327.26 -870.09 -1710.31 290.856 98.6142 4455.17 -1202.43 666.492 -2074.6 -688.155 -1304.1 1911.77 | -1655.22

0 -1.42109e-014 0 -7.10543e-015 0 0 0 0 0 0 0 0 0 0 0 0 0 0 0 0 0 0 0 5.68434e-014 -2.84217e-014 0 0 0 0 0 -2.84217e-014 0 0 0 0 5.68434e-014 0 0 0 0 0 0 0 0 0 0 0 -2.27374e-013 0 -348.163 -407.941 -403.427 184.435 363.294 -427.375 -398.558 506.351 277.039 -161.687 -615.825 -107.435 229.36 -82.3659 -290.968 -47.9509 315.08 -780.333 -397.954 -112.566 107.817 -423.316 41.3819 340.874 664.12 -128.415 291.229 -173.272 -155.248 19.7944 259.359 -14.7478 389.071 -670.564 15.9481 208.984 -78.614 383.439 165.955 -317.373 128.768 -223.69 -47.1436 114.188 -98.0983 -311.868 -477.795 -515.094 -61.7326 -163.124 532.801 | -674.339

0 0 0 0 0 0 0 0 0 0 0 0 0 -1.42109e-014 0 0 0 0 0 0 0 0 0 0 0 0 0 0 0 0 0 0 0 0 -1.42109e-014 0 0 0 0 0 0 0 0 0 0 0 0 0 0 0 -14.3027 55.7616 57.5613 106.909 2.85098 34.5149 -83.5696 49.3211 59.8627 301.288 -35.7516 -4.82986 -152.333 34.8187 3.51748 -184.217 -275.322 168.232 -36.2514 -177.552 -80.3345 -33.5615 -83.9941 -15.7799 -225.486 102.092 -27.4614 57.6675 174.785 -182.688 -111.872 1.49598 -108.259 145.822 -246.094 -90.6176 -114.941 114.399 -173.282 15.3424 185.628 -201.042 -86.8096 -82.722 -6.24229 -62.7747 -34.3174 244.666 175.847 -74.3186 | 91.4431

0 0 0 0 0 0 0 0 0 0 0 0 0 0 0 0 0 0 0 0 -1.42109e-014 0 0 0 0 4.54747e-013 0 0 0 0 0 0 0 2.27374e-013 0 0 0 0 0 0 0 0 0 0 0 0 0 0 0 0 0 -1268.01 -1587.5 -2543.42 -789.302 -2184.37 2668.76 209.203 -1490.61 -9081.31 1130.94 350.149 4020.22 -1923.63 88.2556 5128.89 6583.09 -5352.33 668.047 5502.04 1569.45 581.485 2767.11 634.71 5957.91 -2134.3 789.844 -2589.19 -4373.87 5151.67 3227.59 356.309 1781.02 -4072.88 6829.99 2921.21 3827.93 -2258.26 3452.73 -150.686 -5461.5 5063.85 2175.9 1245.37 232.428 1115.45 799.307 -6810.91 -5060.61 2399.57 | -2871.69

0 0 0 0 0 0 0 0 0 2.84217e-014 0 0 0 0 0 1.42109e-014 3.55271e-015 0 0 0 0 0 0 0 0 0 0 1.13687e-013 3.55271e-015 0 0 0 0 0 0 0 7.27596e-012 0 0 0 0 0 0 0 0 0 0 0 0 0 -1.42109e-014 0 -1491.41 -1906.99 -266.234 -2585.56 2057.72 242.766 -1098.53 -7985.03 728.522 27.814 4073.87 -1763.39 -0.804105 4458.43 6034.33 -4684.83 941.964 4714.74 1805.33 402.445 2731.08 -84.5391 5245.74 -2233.47 780.947 -2768.16 -4548.45 4059.14 2564.25 -151.026 1283.86 -3451.67 5076.08 2393.45 2723.24 -1292.59 2788.69 -29.8711 -4692.05 4780.24 2183.33 314.95 486.768 849.3 1292.22 -6412.02 -4374.99 1790.92 | -1780.87

0 0 0 0 0 0 0 -3.55271e-015 0 0 0 0 0 1.42109e-014 0 0 0 0 0 0 0 0 0 0 0 0 0 0 0 0 1.42109e-014 0 0 0 0 0 0 0 0 0 0 0 0 0 0 0 0 0 0 0 0 0 0 181.933 -349.006 -697.294 95.1556 663.063 192.614 41.3719 -175.371 62.5804 -421.591 -584.651 318.298 -219.01 -1071.05 5.11971 -16.1294 -115.796 -485.189 -228.986 -73.9486 187.458 -341.166 292.714 -177.818 -300.26 312.707 -146.761 75.9675 299.589 -732.861 393.212 -407.116 -207.068 -29.8386 414.348 -840.225 248.746 196.772 -736.507 3.97573 -482.17 -59.927 -562.739 -22.2501 82.3185 4.75768 243.165 | -170.776

0 0 0 0 0 0 0 0 0 0 0 0 0 0 0 0 0 0 0 0 4.54747e-013 0 0 0 1.13687e-013 0 0 0 0 0 0 0 0 0 2.84217e-014 0 0 4.54747e-013 0 0 0 0 0 0 0 0 0 0 0 0 0 0 0 0 -530.58 -1030.13 563.793 1198.54 -79.5154 -1513.54 346.791 -205.717 132.257 -713.623 145.921 403.427 -408.47 -470.987 -49.1785 711.862 -482.81 -103.043 690.783 338.194 377.502 76.8506 7.15318 -832.088 -12.4707 304.346 157.294 54.2964 -713.066 -120.464 871.852 580.256 828.453 289.554 -342.227 43.3861 -530.657 -11.2738 137.987 -587.534 297.141 -252.485 103.238 -676.669 -463.124 248.634 | -563.612

0 0 0 0 0 0 0 0 0 8.88178e-016 7.10543e-015 0 0 0 0 0 0 0 0 0 -2.27374e-013 5.68434e-014 0 0 0 0 0 0 0 0 0 5.68434e-014 0 0 0 0 0 0 0 0 0 1.13687e-013 0 0 0 2.84217e-014 0 0 0 0 0 0 0 0 0 -134.897 415.528 144.062 -217.16 -1150.42 273.527 -425.191 554.206 318.719 -318.402 439.409 701.961 -33.982 264.016 487.313 -54.8796 392.375 757.873 124.821 706.963 -515.816 56.5862 -212.158 -291.033 359.665 -173.676 -425.159 221.965 -512.988 1184.16 719.631 588.152 -325.236 817.451 -241.699 -494.353 888.075 257.454 -113.123 297.745 559.142 96.2042 -811.074 -254.762 -81.0208 | -38.1859

-3.55271e-015 0 0 0 0 0 0 0 0 0 0 0 0 0 0 0 0 0 0 0 0 0 0 1.13687e-013 0 0 0 0 0 0 0 0 0 0 0 0 1.81899e-012 0 0 0 0 0 0 0 0 0 0 0 0 1.42109e-014 0 0 2.84217e-014 2.84217e-014 0 0 -1288.15 -767.17 726.609 3690.11 -1143.45 1098.39 -1929.82 -1050.21 1263.56 -1330.93 -2223.92 178.389 -526.352 -1573.63 237.181 -1387.38 -2359.87 -180.045 -2142.28 1474.23 -298.428 800.905 790.797 -936.042 747.06 1451.28 -844.959 1429.11 -3763.98 -2133.96 -2181.22 1372.48 -2691.82 816.968 1412.5 -2987.23 -588.867 -35.3697 -1265.23 -1838.03 -268.06 2401.31 839.395 258.506 | 79.6782

0 0 0 0 0 0 0 0 0 0 0 0 0 0 0 0 2.22045e-016 2.84217e-014 0 0 0 0 0 0 0 -2.27374e-013 0 0 0 0 0 0 0 0 0 0 0 4.54747e-013 0 0 0 0 0 0 0 0 -1.42109e-014 0 0 0 0 0 0 0 0 0 0 -409.16 36.9465 536.156 72.8439 38.8493 86.48 220.627 -35.2803 -311.279 534.31 -13.019 123.786 63.4075 334.088 -184.562 -423.529 -53.0731 34.64 103.359 1.61927 35.1422 -141.224 84.7876 170.035 225.566 21.6443 -298.562 -167.934 -18.3424 -193.469 -59.3274 -0.241691 5.09837 7.69556 -202.062 180.965 -299.111 -190.051 197.093 355.604 179.243 94.1793 -416.276 | 381.223

0 0 0 0 0 0 0 0 0 0 0 0 0 0 0 0 1.42109e-014 0 0 0 2.27374e-013 0 0 0 0 0 0 0 0 0 0 0 0 0 0 0 0 0 0 0 0 0 -1.13687e-013 0 0 0 0 0 0 0 0 0 -1.13687e-013 0 0 0 0 0 -341.01 -1109.47 329.574 -483.168 957.409 929.938 -1140.32 211.866 1168.13 200.341 1192.12 -20.4488 92.8491 1236.65 463.496 -60.8575 1290.53 -1551.92 -54.0637 -116.962 -78.2359 371.75 -410.128 -773.908 756.073 -1103.14 1732.89 996.331 402.344 -1058.38 1492.32 -367.608 -534.555 1528.94 872.775 -296.993 650.251 1388.29 264.128 -1963.86 -575.977 -265.684 | 743.606

0 0 0 0 0 0 0 0 0 1.77636e-015 0 0 0 0 0 0 0 0 0 0 0 0 0 2.27374e-013 0 0 0 0 0 0 0 0 0 0 0 9.09495e-013 0 0 0 4.54747e-013 0 0 0 0 0 0 0 0 0 0 0 0 0 5.68434e-014 0 0 0 0 -5.68434e-014 -70.5052 -163.11 398.087 -495.428 -968.148 728.538 398.201 -510.303 -452.991 -1206.63 486.387 49.9284 -816.641 111.195 -41.1008 -819.886 1099.49 -42.1769 -54.9374 -119.491 -97.1971 343.837 496.081 -504.901 719.492 -1092.25 -298.896 119.801 990.594 -791.927 238.675 89.915 -379.72 -845.168 380.661 -201.56 -1206.34 -176.23 1089.72 331.17 583.679 | -1017.78

0 0 0 0 0 0 0 0 2.84217e-014 0 0 0 0 0 0 0 0 0 0 0 0 0 0 0 0 0 0 0 0 0 0 0 0 0 0 0 0 4.54747e-013 0 0 0 0 0 0 0 0 0 0 0 3.55271e-015 0 0 1.13687e-013 0 0 0 -7.10543e-015 0 0 0 -1469.59 919.385 -2690.24 -4006.86 3799.81 1402.24 -3255.55 -1190.01 -4779.02 1553.07 -487.388 -3414.23 587.463 43.2546 -3872.16 4461.74 -254.145 412.631 85.3135 -809.338 999.122 2235.38 -2241.4 3738.24 -4766.95 -1645.36 41.5194 4310.56 -3537.06 1030.34 808.824 -2139.8 -3971.78 1738.97 -1172.35 -5271.66 -1286.32 4959.18 1829.71 2776.42 | -4072.57

0 0 0 0 0 0 0 0 -1.42109e-014 0 0 0 0 0 0 0 0 0 0 0 0 0 5.68434e-014 0 0 0 0 0 0 0 5.68434e-014 0 0 0 0 0 0 0 0 0 0 0 0 0 0 0 1.42109e-014 0 0 0 0 0 0 0 0 0 0 0 3.55271e-015 0 0 -221.173 809.749 1041.05 -932.985 -716.741 579.464 582.846 1246.55 -341.352 -112.977 841.516 -235.802 -189.111 1052.53 -1231.51 -16.8162 -338.627 -35.746 15.1106 -565.412 -383.827 504.797 -702.751 980.137 271.647 33.9928 -1320.07 854.38 -131.798 137.129 466.299 731.258 -558.086 284.078 1177.25 397.424 -1161.23 -190.745 -521.074 | 1473.35

0 0 0 0 0 0 0 0 0 0 0 0 0 0 0 0 1.77636e-015 0 0 0 0 0 0 0 0 0 0 0 0 -1.42109e-014 0 0 0 0 0 0 0 0 0 0 0 0 0 -1.13687e-013 0 0 0 0 0 0 0 0 2.84217e-014 5.68434e-014 0 0 0 0 0 0 0 0 -537.017 -549.559 716.586 630.643 -550.722 -209.481 -1055.26 358.216 -97.7298 -492.101 589.169 325.489 -894.912 1185.04 233.572 348.427 -61.9121 -116.439 62.9911 137.383 -749.233 678.211 -799.479 -320.382 -25.3786 1045.84 -618.609 155.731 -9.68013 -505.357 -923.404 487.361 -402.018 -881.71 -554.153 1370.38 251.035 607.082 | -1379.33

0 0 0 0 0 0 0 0 0 0 0 -1.13687e-013 0 0 0 0 0 0 0 0 0 0 0 0 0 0 0 -5.68434e-014 0 0 0 0 0 0 0 4.54747e-013 0 -4.54747e-013 5.68434e-014 0 0 0 2.84217e-014 0 0 0 0 0 0 0 0 0 0 0 0 0 0 0 0 0 0 0 0 -255.129 -906.832 -1781.82 1308.04 -81.9798 3182.39 -1598.54 1003.11 -112.065 -3327.42 -1255.32 2010.73 -3946.56 -1699.26 -477.904 1219.17 591.418 1846.76 521.753 3670.47 -1991.74 2533.47 1228.52 -291.4 -1961.16 1002.02 -902.82 -464.679 1282.87 4224.12 -1561.51 1587.68 1691.13 2534.08 -5591.47 -737.877 -3007.14 | 4339.38

0 0 0 0 0 0 0 0 0 0 0 0 0 0 0 0 0 0 0 0 0 0 0 0 0 0 0 0 0 0 0 0 0 0 0 0 0 0 0 0 0 0 0 0 0 0 0 0 0 0 0 4.54747e-013 0 2.84217e-014 0 0 0 0 -2.84217e-014 0 0 0 0 0 4054.77 5143.78 -5090.66 1040.52 -12141 6427.59 -3522.05 -910.451 11168.7 4086.38 -8013.62 15054 5848.02 1093.53 -4274.04 -2889.08 -6755.73 -799.865 -13942.2 8117.78 -10197.6 -5106.93 1357.17 7467.18 -4509.35 3556.52 2881.3 -5662.81 -15784.5 4815.95 -5756 -7376.48 -7858.15 21027.7 3979.7 10139.5 | -14828.5

0 0 0 -3.55271e-015 0 0 0 0 0 0 0 0 0 0 0 1.42109e-014 0 0 0 0 0 0 0 0 0 0 0 0 0 0 0 0 0 0 -2.84217e-014 0 0 0 0 0 0 0 0 2.84217e-014 0 0 0 0 0 0 5.68434e-014 0 0 0 0 0 0 0 0 0 0 0 0 0 0 46.5669 -12.5214 222.267 -704.465 840.712 -198.751 -356.14 946.393 194.723 -274.937 1318.44 663.074 -121.403 -481.954 -274.215 -545.871 -60.9235 -862.344 551.849 -523.728 -315.569 246.269 438.051 -522.794 244.835 341.997 -600.79 -1118.48 -85.4877 -511.025 -382.597 -199.594 1405.14 173.586 95.4461 | -638.504

0 -7.10543e-015 0 0 0 0 0 0 0 0 0 0 0 0 0 0 0 0 0 0 0 0 0 0 0 0 0 0 0 1.13687e-013 0 0 0 0 0 0 0 0 0 0 0 0 0 0 0 0 0 0 0 0 0 0 0 -1.13687e-013 0 0 0 0 0 0 2.84217e-014 0 0 0 0 0 319.478 1229.09 -4429.99 4953.1 -1288.63 -2177.59 5084.75 835.161 -1716.5 7827.21 3692.13 -945.549 -2510.89 -1668.42 -3098.84 -177.348 -4845.98 3176.65 -3170.05 -1527.73 1524.93 2285.05 -2879.15 1491.7 2076.94 -3163.64 -6600.83 -338.534 -2543.86 -2217.28 -864.516 7981.55 1029.12 714.395 | -3252.99

0 0 3.55271e-015 0 0 0 0 0 0 0 1.42109e-014 0 0 0 0 0 0 0 0 0 2.27374e-013 0 0 0 0 0 0 0 1.42109e-014 0 0 0 0 -2.84217e-014 0 0 0 0 0 0 -1.13687e-013 -2.27374e-013 0 0 0 0 0 0 0 0 0 0 1.42109e-014 0 0 0 0 0 0 0 1.13687e-013 0 0 0 0 0 0 -44.5772 -840.097 749.375 -123.46 -161.598 495.213 5.95768 -383.887 852.559 245.779 -86.491 -277.204 -38.1216 -211.611 203.9 -1087.8 304.799 -757.789 157.833 164.543 573.041 -238.95 295.496 92.6301 42.4625 -1294.44 -307.327 -242.422 -287.488 -139.738 1115.56 407.533 311.643 | -681.238

0 0 0 -7.10543e-015 0 0 0 0 0 0 0 0 0 0 0 0 0 0 0 0 0 0 0 7.10543e-015 0 0 0 0 0 0 7.10543e-015 0 0 0 2.84217e-014 -4.54747e-013 0 0 0 0 0 0 0 0 0 0 -1.42109e-014 0 0 0 0 0 0 7.10543e-015 0 0 0 0 0 0 0 0 0 0 0 0 0 0 1963.63 -2148.85 32.9571 442.513 -1517.83 -43.6274 855.898 -1788.46 -585.872 111.072 780.737 116.302 490.145 -813.031 2876.19 -688.005 1724.6 -630.496 -634.958 -1742.19 651.28 -677.51 -201.081 -293.668 3501.67 1253.37 918.094 648.351 243.346 -2791.52 -1367.41 -238.341 | 1718.17

0 0 0 0 0 0 0 0 0 0 0 0 0 0 0 0 2.84217e-014 0 0 0 0 0 0 0 0 0 0 0 0 0 0 0 0 0 0 0 0 0 0 0 0 0 0 0 0 0 0 0 0 0 0 0 0 0 0 0 0 0 0 0 0 0 0 0 0 0 0 0 0 -17696 -16465.5 -1039.01 -9384.77 1896.49 -1162.99 23893.7 8378.21 -6627.38 2421.33 -3723.41 -7871.2 -23512.7 20198.6 7251.03 -191.535 -22800.4 -11673.5 -23687.5 -1433.79 764.646 6756.62 -23824.9 25693.3 33228.3 13714.6 -4030.89 -6108.87 -498.671 -26591.8 23974.1 | 6632.1

0 0 0 0 0 0 0 0 -1.42109e-014 5.68434e-014 2.27374e-013 0 0 0 0 3.55271e-015 0 0 0 2.84217e-014 0 0 0 0 -1.13687e-013 0 0 0 0 -5.68434e-014 0 0 0 0 0 0 0 0 0 0 0 -5.68434e-014 0 -5.68434e-014 0 0 0 0 -2.84217e-014 0 0 0 0 0 0 0 0 0 0 0 0 0 0 0 0 0 0 0 0 0 243.662 162.934 47.0913 17.4895 -85.632 -271.917 -236.598 133.925 393.49 -174.292 64.5906 418.833 15.0434 16.6963 244.647 195.343 572.835 -125.119 270.513 -11.6243 219.913 610.426 0.994398 134.218 182.391 403.921 325.604 -713.302 305.23 -490.171 | 68.9851

0 0 0 0 0 0 0 0 0 0 2.84217e-014 0 0 0 0 0 0 0 0 0 0 0 0 0 0 0 0 0 0 0 2.84217e-014 -5.68434e-014 0 0 0 0 0 0 5.68434e-014 0 0 0 0 0 0 0 0 0 0 0 0 0 0 0 0 1.42109e-014 0 0 0 0 0 0 0 0 0 0 -5.68434e-014 0 0 0 0 573.555 999.534 292.417 -119.029 189.818 -419.28 -21.9203 505.079 -480.933 -116.563 136.593 772.89 -153.011 682.059 1367.28 743.098 -333.137 368.576 -172.13 424.423 735.377 -64.1241 835.391 240.684 808.48 -338.14 -260.032 -262.121 319.056 | -179.973

0 0 0 0 0 0 0 0 0 0 0 0 0 0 0 0 0 0 0 0 4.54747e-013 0 0 0 0 0 0 0 0 0 0 0 0 0 0 0 0 0 0 0 0 2.27374e-013 0 0 0 0 1.13687e-013 0 0 -2.84217e-014 0 0 0 0 0 0 0 0 0 0 0 0 0 0 0 0 0 0 0 0 0 0 58.7087 -238.976 267.247 -444.247 313.758 59.7504 -513.032 505.437 61.6159 -499.071 -96.2785 -223.256 -243.352 -195.064 -556.408 689.231 -259.385 58.7305 -394.283 -477.914 -318.185 -486.407 -662.41 -426.532 -686.025 974.491 146.899 29.5815 | -98.7086

7.10543e-015 0 0 0 0 0 0 0 0 0 0 0 0 0 0 0 0 0 0 0 0 0 -1.13687e-013 0 0 0 0 0 0 0 0 0 0 0 0 0 0 0 0 0 0 0 0 0 0 0 0 -1.13687e-013 -2.27374e-013 0 0 0 0 -5.68434e-014 0 0 0 0 0 0 0 0 0 0 0 0 0 0 0 0 0 0 0 4161.02 -4043.48 8801.18 -3261.87 -262.451 8498.72 -8911.22 -1727.56 7444.5 2421.02 5170.29 4732.51 163.989 10298.8 -12507.4 3468.93 -756.906 8021.88 6678.13 5996.9 10050.5 10701.7 7667.19 11344.6 -16896.9 -3874.06 -2336.28 | 1807.21

0 0 0 0 0 0 0 0 0 0 0 -2.27374e-013 0 0 0 1.42109e-014 0 8.88178e-016 0 0 0 0 0 0 0 0 0 1.13687e-013 -1.77636e-015 0 5.68434e-014 0 0 0 0 0 -1.45519e-011 0 0 0 0 0 0 0 0 0 0 0 0 0 0 0 0 0 0 0 0 2.84217e-014 1.42109e-014 1.13687e-013 0 0 0 0 0 0 0 0 0 0 0 0 1.13687e-013 -9.09495e-013 -216.02 171.77 -525.356 -190.887 253.065 321.773 117.491 304.865 -1052.62 -334.344 -323.438 554.798 -98.409 490.194 107.687 183.593 -78.4911 164.276 -614.72 -618.828 -369.9 156.517 -93.0787 261.013 935.534 283.133 | -653.339

1.77636e-015 0 0 0 0 0 0 0 0 0 0 0 0 0 0 0 0 0 0 0 0 -3.55271e-015 0 0 0 0 0 -1.42109e-014 2.84217e-014 0 0 -4.54747e-013 0 0 0 0 0 4.54747e-013 0 0 -7.10543e-015 0 -5.68434e-014 0 0 0 0 0 0 0 0 0 2.27374e-013 0 0 0 0 0 0 0 0 0 0 0 0 0 0 2.27374e-013 0 0 0 0 0 0 0 425.935 540.941 474.208 -560.082 814.54 102.567 -405.222 -1564.99 147.96 -745.679 -1343.36 -549.091 773.163 -524.409 712.781 -93.1459 -819.263 -531.106 -738.813 -900.495 -132.099 -566.456 833.293 318.948 -411.773 | -928.945

0 0 0 0 0 0 0 0 0 2.84217e-014 1.13687e-013 0 0 0 0 0 0 0 0 0 0 -1.13687e-013 0 0 0 0 0 0 1.42109e-014 0 0 0 0 -1.13687e-013 0 0 0 0 0 0 0 0 0 0 0 0 0 0 2.27374e-013 0 0 0 0 1.13687e-013 0 0 0 0 0 0 0 0 0 0 0 0 0 0 0 0 0 2.84217e-014 0 0 0 0 -957.018 -675.813 513.549 -1219.3 -348.768 770.777 1855.64 340.112 398.026 1349.4 868.98 -1490.24 525.993 -725.462 736.43 1331.78 718.771 995.051 1726.96 285.386 1409.26 -1390.51 -745.333 737.745 | 1317.82

0 0 0 0 0 0 0 0 0 0 0 2.27374e-013 0 0 0 0 0 0 0 0 0 -5.68434e-014 3.55271e-015 -2.84217e-014 0 0 0 0 0 -3.55271e-015 0 0 0 0 7.10543e-015 0 0 0 -1.42109e-014 0 0 0 0 0 0 0 0 0 0 -7.10543e-015 0 0 0 0 0 0 0 0 -1.42109e-014 0 0 0 0 0 0 5.68434e-014 0 0 0 0 0 1.13687e-013 0 0 0 0 0 -140.912 128.041 -586.365 -12.6335 -247.35 965.187 179.163 223.455 602.009 46.9099 -441.464 75.8112 -403.921 11.4143 329.175 499.385 560.059 974.627 -163.965 158.892 -271.423 -559.838 364.919 | 328.636

0 0 0 0 0 0 0 0 0 0 0 0 -1.13687e-013 0 0 0 0 5.68434e-014 0 0 0 1.42109e-014 0 0 0 0 0 0 0 0 0 0 0 0 0 0 0 0 0 0 0 0 0 0 0 0 0 0 0 0 0 0 0 0 0 0 0 0 0 0 0 0 0 0 0 0 0 0 7.27596e-012 0 0 0 0 -4.54747e-013 0 0 0 0 -586.41 -1468.14 -362.367 -130.738 2142.97 1287.28 -352.654 345.05 -97.7183 -1368.53 -139.152 -412.206 611.723 777.336 795.749 1351.32 2276.71 -602.462 833.956 -589.811 -2070.01 466.866 | 1559.84

0 0 0 0 0 0 0 0 0 7.10543e-015 0 0 0 0 0 0 0 0 0 0 0 0 0 0 0 0 0 0 0 5.68434e-014 0 0 0 0 0 0 0 0 0 0 0 0 0 0 0 0 0 0 -2.27374e-013 0 0 0 -1.13687e-013 0 0 0 0 0 0 1.42109e-014 0 0 0 0 0 0 0 0 0 4.54747e-013 0 0 0 0 0 0 0 -5.68434e-014 0 -1653.86 -12.7728 -1149.26 3576.98 897.322 503.83 1780.51 -149.007 -1686.03 367.042 -1219.71 -64.8352 1108.06 1842.91 2120.42 3905.25 -747.262 584.989 -816.234 -2579.67 1358.52 | 1306.62

0 0 0 -1.42109e-014 0 0 0 0 0 0 0 0 0 0 0 0 0 0 0 0 0 -1.13687e-013 0 0 0 0 0 0 0 0 0 0 1.13687e-013 0 0 2.27374e-013 0 0 0 0 0 0 0 0 0 0 0 0 0 0 0 0 0 0 0 0 0 0 0 0 0 0 0 0 0 0 0 0 0 -9.09495e-013 0 0 0 0 0 0 0 0 0 0 1779.02 -3847.91 2671.48 -1386.32 379.786 6120.62 -3001.49 1412.07 44.2119 -1875.3 -3245.85 172.977 1668.25 -179.086 4320.01 -2086.95 -2696.94 3229.05 -1502.44 4422.67 | -2104.2

-7.10543e-015 0 0 0 0 0 0 0 0 0 0 0 0 0 0 0 0 0 0 0 0 -1.13687e-013 -5.68434e-014 0 0 0 5.68434e-014 0 0 0 0 0 0 0 -1.42109e-014 0 0 0 0 0 0 0 0 0 0 0 0 0 0 -2.84217e-014 0 0 0 0 0 0 -1.13687e-013 0 1.42109e-014 0 0 0 -1.81899e-012 0 4.54747e-013 0 -1.13687e-013 9.09495e-013 0 0 0 0 0 0 0 0 0 0 0 0 0 581.132 929.673 -0.125929 676.173 -1017.36 1111.11 -893.014 -9.25008 -180.155 318.741 67.281 1446.35 204.784 92.0434 361.534 837.36 -989.318 -922.237 -156.684 | 762.921

4.44089e-016 0 0 0 0 0 0 0 0 0 0 -1.13687e-013 0 0 0 -1.42109e-014 2.84217e-014 0 0 0 0 1.77636e-015 0 0 0 0 0 0 0 0 0 0 0 -5.68434e-014 0 0 0 2.27374e-013 0 0 0 0 0 0 0 0 0 0 0 0 0 0 2.84217e-014 0 0 0 1.13687e-013 0 7.10543e-015 0 4.54747e-013 0 0 0 0 0 3.55271e-015 0 0 0 0 0 0 0 0 0 0 0 0 0 0 0 2074.24 -235.259 1529.5 -1148.5 1627.58 -1919.07 830.836 -718.303 -127.807 337.692 2817.62 1095.84 1823.79 575.217 1266.27 -1790.64 -1554.25 288.233 | 1012.84

0 0 0 0 0 0 0 0 0 0 0 0 0 0 5.68434e-014 0 0 0 0 0 0 0 0 0 0 0 0 0 2.84217e-014 0 0 0 0 0 0 0 0 -9.09495e-013 0 0 0 0 0 0 0 0 0 0 0 0 0 0 0 0 -5.68434e-014 5.68434e-014 0 0 0 0 0 0 0 0 0 0 0 0 0 0 0 0 1.13687e-013 0 0 0 0 0 -2.27374e-013 0 0 0 0 21.3467 51.7805 264.694 -197.179 30.4896 201.159 31.7606 -230.419 35.0252 -121.704 281.652 521.279 17.7397 -258.014 65.9007 -232.728 71.0681 | 332.282

0 0 0 0 0 0 0 0 0 2.84217e-014 0 0 0 0 0 0 0 0 0 0 -2.27374e-013 0 0 0 0 0 0 0 0 0 0 0 0 0 0 0 0 4.54747e-013 0 0 0 0 0 2.84217e-014 0 0 -7.10543e-015 0 0 0 0 0 0 0 0 0 0 0 0 0 0 -4.54747e-013 0 0 0 -5.68434e-014 0 0 0 0 0 0 -1.13687e-013 0 2.84217e-014 0 0 0 0 0 0 0 0 0 -353.627 -918.257 474.364 95.1094 -945.925 164.701 1128.47 137.037 291.777 -1117.82 -2481.73 -52.0203 718.368 -557.332 773.387 -342.977 | -1244.33

0 0 0 0 0 0 0 0 0 0 0 0 0 0 0 8.88178e-016 -1.77636e-015 0 0 0 0 0 0 0 0 0 0 -1.77636e-015 -7.10543e-015 -2.84217e-014 0 0 0 0 0 0 0 0 0 0 0 0 0 0 0 0 0 0 0 0 0 0 -5.68434e-014 0 0 0 0 0 0 0 0 0 0 0 0 0 0 0 0 0 0 0 0 0 0 0 0 0 0 0 0 0 0 0 0 -386.195 321.021 154.94 -415.474 883.727 839.221 1105.72 -100.665 92.4938 -948.388 503.295 -53.4144 -1614.28 -259.024 -571.55 | -265.224

0 0 0 0 0 0 0 0 0 0 0 0 -2.84217e-014 0 0 0 0 0 0 0 0 5.68434e-014 -2.27374e-013 0 0 0 0 0 -1.42109e-014 5.68434e-014 0 0 -5.68434e-014 0 0 0 0 0 0 0 0 0 0 0 0 0 0 0 -5.68434e-014 0 0 0 0 0 0 0 0 -5.68434e-014 0 0 0 0 0 0 0 0 0 0 -3.63798e-012 0 0 2.84217e-014 0 0 0 0 0 0 0 0 0 0 0 0 0 0 9.05113 -1247.78 1167.38 -3441.84 -2134.66 -3741.05 1319.26 -1115.23 2414.95 -1600.32 1649.85 4605.76 2036.78 1783.56 | -335.836

0 0 0 0 0 0 -7.10543e-015 0 0 0 0 0 0 0 0 0 5.68434e-014 0 0 0 0 0 0 0 0 0 -1.42109e-014 -5.68434e-014 0 0 -1.42109e-014 0 0 0 0 -1.13687e-013 0 0 0 0 0 0 0 0 0 0 0 0 0 0 0 0 0 0 0 0 0 0 0 0 0 0 0 0 0 0 0 0 0 0 0 0 0 0 0 0 0 0 0 0 0 0 0 0 0 0 0 -38342.7 35714.7 -105876 -65092.2 -115307 40200.8 -34805.4 72940.5 -49139.8 51079.5 141498 63382.3 54835.9 | -10720.7

0 0 0 0 0 0 0 0 0 0 0 -5.68434e-014 0 0 0 0 0 0 0 0 0 0 1.13687e-013 0 0 0 0 0 0 0 0 0 0 0 0 0 -3.63798e-012 0 0 0 0 0 0 0 0 0 0 0 0 0 0 0 0 0 0 0 0 0 0 0 0 0 0 0 0 0 0 0 0 0 0 0 0 0 0 0 0 0 0 0 0 0 0 0 0 0 0 0 -608.811 -1239.25 237.39 -1689.79 -80.797 -1888.3 -926.593 -828.2 1378.49 1790.57 1732.74 1021.96 | -1159.21

0 0 0 0 0 0 0 0 0 0 -2.84217e-014 0 0 0 0 0 0 0 0 0 0 0 0 0 0 0 0 0 2.84217e-014 1.13687e-013 -2.84217e-014 4.54747e-013 0 0 0 0 0 0 0 0 0 0 0 0 0 0 0 0 0 0 0 0 0 0 0 0 0 0 0 0 0 0 0 0 0 0 0 0 0 0 0 0 0 0 0 0 0 0 0 0 0 0 0 0 0 0 0 0 -5.68434e-014 445.197 -401.574 515.344 501.333 869.052 183.259 42.5696 -1019.44 -134.125 -1299.63 -548.977 | 471.218

0 3.55271e-015 0 0 0 0 0 0 0 5.68434e-014 0 0 0 0 0 -2.84217e-014 0 0 0 0 0 0 0 0 0 0 0 0 0 -1.13687e-013 0 0 0 0 0 0 0 0 0 0 0 -2.84217e-014 0 0 0 0 5.68434e-014 0 0 0 0 0 0 5.68434e-014 0 0 0 0 0 0 0 0 0 0 0 0 0 4.54747e-013 0 0 0 0 0 0 0 0 0 0 0 0 0 0 0 0 0 0 -2.84217e-014 0 0 0 3880.34 637.177 -3742.97 -3655.09 -1660.71 1510.74 5118.45 -4645.81 6466.64 1808.3 | -2353.62

0 -1.42109e-014 0 0 0 0 0 0 -7.10543e-015 0 0 -1.13687e-013 0 0 0 -1.42109e-014 0 0 0 0 0 -1.13687e-013 0 -2.27374e-013 -2.84217e-014 0 0 0 0 0 0 0 0 0 0 0 0 0 0 0 0 0 0 0 0 0 0 -4.54747e-013 0 0 0 2.27374e-013 0 0 0 0 -4.54747e-013 -5.68434e-014 0 0 0 -5.68434e-014 0 0 0 -2.84217e-014 0 0 0 0 5.68434e-014 2.84217e-014 0 0 0 0 0 0 1.13687e-013 0 0 0 0 0 0 0 0 0 0 0 0 -143.036 -373.865 182.376 -593.248 -97.931 -44.6377 561.065 283.098 -253.967 | -202.798

0 0 0 0 0 0 0 0 0 0 0 0 0 0 0 0 0 0 0 0 0 0 0 0 0 0 0 0 0 0 0 0 0 0 1.42109e-014 0 0 0 0 0 0 0 0 0 0 0 0 0 0 -3.55271e-015 0 0 -1.42109e-014 0 0 0 0 0 0 -5.68434e-014 1.13687e-013 0 0 0 0 0 0 0 0 0 0 0 0 0 2.84217e-014 0 0 0 0 0 0 0 0 0 0 0 0 0 0 0 0 0 -1113.52 159.096 -1535.77 -571.563 247.348 946.921 367.142 -498.431 | -692.576

0 0 0 -3.55271e-015 0 0 0 0 0 0 -1.13687e-013 0 1.13687e-013 0 0 0 0 0 0 0 0 0 0 0 0 0 0 -1.13687e-013 0 0 1.42109e-014 0 0 0 0 0 0 0 0 0 0 0 -5.68434e-014 -5.68434e-014 0 0 0 0 2.27374e-013 0 0 0 1.13687e-013 0 0 0 0 0 0 0 -2.27374e-013 0 0 0 0 0 0 0 0 0 0 0 0 0 -2.84217e-014 0 0 0 0 0 -5.68434e-014 0 0 0 0 0 0 0 0 0 -2.27374e-013 0 0 -537.214 244.285 -10.7754 397.286 121.469 -748.5 -25.0433 | 583.101

0 0 0 0 0 0 0 0 0 0 0 0 0 0 0 0 -5.68434e-014 0 0 0 0 0 0 4.54747e-013 0 7.27596e-012 0 0 0 0 -5.68434e-014 0 0 0 0 0 0 0 0 0 0 0 0 0 0 0 0 0 1.42109e-014 0 0 -1.13687e-013 0 0 0 0 0 0 0 0 -2.27374e-013 4.54747e-013 0 0 0 -1.42109e-014 0 0 0 0 0 0 0 0 0 0 0 1.13687e-013 0 0 0 0 0 0 0 -7.10543e-015 0 0 0 0 0 0 0 0 -1820.02 -631.247 48.127 -162.858 -1230 -584.126 | -135.826

-8.88178e-016 0 0 0 0 0 0 0 7.10543e-015 0 0 0 5.68434e-014 0 0 -2.84217e-014 0 0 0 0 0 0 0 0 0 0 0 0 0 -5.68434e-014 0 0 0 0 0 0 0 0 0 0 0 0 0 0 0 0 0 0 0 0 0 0 -2.27374e-013 0 0 0 0 -5.68434e-014 0 0 0 0 0 0 0 0 0 0 0 0 0 0 0 0 0 0 0 0 0 0 0 -1.13687e-013 0 5.68434e-014 -2.27374e-013 0 0 0 0 0 1.13687e-013 0 0 0 0 -256.615 91.5202 -343.291 -902.624 61.5066 | 39.6

0 -8.88178e-016 0 0 0 0 0 0 0 0 0 0 0 0 0 0 0 0 0 0 0 7.10543e-015 0 1.13687e-013 5.68434e-014 7.27596e-012 0 0 0 0 0 0 -2.84217e-014 0 0 0 -7.27596e-012 0 0 0 0 0 0 0 0 0 0 0 0 0 0 0 0 0 0 0 0 0 0 0 2.27374e-013 0 0 0 0 -2.84217e-014 0 0 0 0 0 0 0 0 0 0 0 0 0 1.13687e-013 0 -7.10543e-015 0 0 0 5.68434e-014 0 0 0 2.27374e-013 0 0 0 0 0 0 171.648 -724.223 -1816.9 104.163 | 286.262

3.55271e-015 0 0 0 0 0 0 0 0 0 0 -5.68434e-014 0 0 0 0 0 0 0 0 0 0 0 -2.84217e-014 0 0 0 0 0 0 0 0 0 0 0 0 7.27596e-012 0 0 0 0 0 0 0 0 0 0 0 -2.27374e-013 0 0 0 0 -1.13687e-013 0 0 0 0 0 0 0 0 0 0 0 0 0 0 0 0 0 0 0 0 0 0 0 0 0 0 0 0 0 0 2.27374e-013 0 0 0 0 0 0 0 0 0 0 0 0 -557.106 -1580.65 -485.876 | 186.72

0 -1.77636e-015 0 0 0 0 0 0 1.42109e-014 0 7.10543e-015 0 0 0 0 0 0 0 0 0 0 0 0 0 0 0 0 0 0 0 0 0 0 0 0 0 0 0 0 0 0 0 0 0 0 0 1.13687e-013 0 0 0 0 0 0 0 0 0 0 0 0 0 0 0 0 0 0 0 0 0 0 0 0 0 0 0 0 0 0 0 5.68434e-014 0 0 0 0 0 5.68434e-014 0 0 0 1.42109e-014 0 0 0 0 0 0 0 0 0 276.565 -809.847 | -34.9407

0 0 0 0 0 0 0 0 0 5.68434e-014 0 0 0 0 0 0 0 0 0 0 0 0 0 0 -1.13687e-013 0 0 0 0 0 0 0 0 0 5.68434e-014 0 0 0 0 0 0 0 0 0 0 0 0 0 -2.27374e-013 0 0 0 0 0 0 0 -2.27374e-013 0 0 1.13687e-013 0 0 0 0 0 0 0 0 0 0 0 -5.68434e-014 0 0 1.42109e-014 0 0 0 -1.13687e-013 0 0 0 0 0 0 0 0 0 0 0 0 0 0 0 0 0 0 0 0 -3293.14 | 298.003

sol [-1.09477,-1.14235,0.522692,0.959709,1.47288,-0.542454,-0.142552,-0.825333,-0.56763,1.19574,0.530854,1.42404,0.0825261,0.631368,1.02854,0.595217,1.23534,0.559955,-0.395974,-0.926173,0.15975,1.36135,-1.15768,0.242151,0.978939,0.697831,-0.0549104,-1.30471,1.07444,-0.446589,-0.869901,0.422105,-0.942582,0.534722,0.588644,-1.37464,-0.292767,0.654511,-0.0891137,-0.140452,-0.797359,0.293883,-0.990434,-0.330779,-1.7285,-0.482418,-1.16419,-0.0239336,0.228792,0.707286,-0.21009,-0.0997521,0.411618,-0.285751,-0.530402,0.169847,1.01847,-0.313943,0.828204,-1.07395,0.0793498,1.30083,-0.94398,-0.314242,0.198471,-0.307161,-0.336142,-0.107437,1.08498,-0.453113,-0.733804,-0.613367,0.074453,-1.55342,-0.667174,-0.64249,2.67578,0.257582,0.0774617,0.551365,-1.85611,1.5322,-0.168951,-0.815602,-0.276456,0.910342,-0.90453,0.680479,0.826765,0.453574,0.999389,0.570778,1.14531,0.594183,0.156481,0.480161,1.18389,0.854036,-0.39132,-0.0904921,]
