s 400 400
0 1
0 -1 1 3 2 -1 21 -1 
1 -1 2 3 3 -1 22 -1 
2 -1 3 3 4 -1 23 -1 
3 -1 4 3 5 -1 24 -1 
4 -1 5 3 6 -1 25 -1 
5 -1 6 3 7 -1 26 -1 
6 -1 7 3 8 -1 27 -1 
7 -1 8 3 9 -1 28 -1 
8 -1 9 3 10 -1 29 -1 
9 -1 10 3 11 -1 30 -1 
10 -1 11 3 12 -1 31 -1 
11 -1 12 3 13 -1 32 -1 
12 -1 13 3 14 -1 33 -1 
13 -1 14 3 15 -1 34 -1 
14 -1 15 3 16 -1 35 -1 
15 -1 16 3 17 -1 36 -1 
16 -1 17 3 18 -1 37 -1 
18 1
19 1
0 -1 20 3 21 -1 40 -1 
1 -1 20 -1 21 4 22 -1 41 -1 
2 -1 21 -1 22 4 23 -1 42 -1 
3 -1 22 -1 23 4 24 -1 43 -1 
4 -1 23 -1 24 4 25 -1 44 -1 
5 -1 24 -1 25 4 26 -1 45 -1 
6 -1 25 -1 26 4 27 -1 46 -1 
7 -1 26 -1 27 4 28 -1 47 -1 
8 -1 27 -1 28 4 29 -1 48 -1 
9 -1 28 -1 29 4 30 -1 49 -1 
10 -1 29 -1 30 4 31 -1 50 -1 
11 -1 30 -1 31 4 32 -1 51 -1 
12 -1 31 -1 32 4 33 -1 52 -1 
13 -1 32 -1 33 4 34 -1 53 -1 
14 -1 33 -1 34 4 35 -1 54 -1 
15 -1 34 -1 35 4 36 -1 55 -1 
16 -1 35 -1 36 4 37 -1 56 -1 
17 -1 36 -1 37 4 38 -1 57 -1 
38 1
39 1
20 -1 40 3 41 -1 60 -1 
21 -1 40 -1 41 4 42 -1 61 -1 
22 -1 41 -1 42 4 43 -1 62 -1 
23 -1 42 -1 43 4 44 -1 63 -1 
24 -1 43 -1 44 4 45 -1 64 -1 
25 -1 44 -1 45 4 46 -1 65 -1 
26 -1 45 -1 46 4 47 -1 66 -1 
27 -1 46 -1 47 4 48 -1 67 -1 
28 -1 47 -1 48 4 49 -1 68 -1 
29 -1 48 -1 49 4 50 -1 69 -1 
30 -1 49 -1 50 4 51 -1 70 -1 
31 -1 50 -1 51 4 52 -1 71 -1 
32 -1 51 -1 52 4 53 -1 72 -1 
33 -1 52 -1 53 4 54 -1 73 -1 
34 -1 53 -1 54 4 55 -1 74 -1 
35 -1 54 -1 55 4 56 -1 75 -1 
36 -1 55 -1 56 4 57 -1 76 -1 
37 -1 56 -1 57 4 58 -1 77 -1 
38 -1 57 -1 58 4 59 -1 78 -1 
39 -1 58 -1 59 3 79 -1 
40 -1 60 3 61 -1 80 -1 
41 -1 60 -1 61 4 62 -1 81 -1 
42 -1 61 -1 62 4 63 -1 82 -1 
43 -1 62 -1 63 4 64 -1 83 -1 
44 -1 63 -1 64 4 65 -1 84 -1 
45 -1 64 -1 65 4 66 -1 85 -1 
46 -1 65 -1 66 4 67 -1 86 -1 
47 -1 66 -1 67 4 68 -1 87 -1 
48 -1 67 -1 68 4 69 -1 88 -1 
49 -1 68 -1 69 4 70 -1 89 -1 
50 -1 69 -1 70 4 71 -1 90 -1 
51 -1 70 -1 71 4 72 -1 91 -1 
52 -1 71 -1 72 4 73 -1 92 -1 
53 -1 72 -1 73 4 74 -1 93 -1 
54 -1 73 -1 74 4 75 -1 94 -1 
55 -1 74 -1 75 4 76 -1 95 -1 
56 -1 75 -1 76 4 77 -1 96 -1 
57 -1 76 -1 77 4 78 -1 97 -1 
58 -1 77 -1 78 4 79 -1 98 -1 
59 -1 78 -1 79 3 99 -1 
60 -1 80 3 81 -1 100 -1 
61 -1 80 -1 81 4 82 -1 101 -1 
62 -1 81 -1 82 4 83 -1 102 -1 
63 -1 82 -1 83 4 84 -1 103 -1 
64 -1 83 -1 84 4 85 -1 104 -1 
65 -1 84 -1 85 4 86 -1 105 -1 
66 -1 85 -1 86 4 87 -1 106 -1 
67 -1 86 -1 87 4 88 -1 107 -1 
68 -1 87 -1 88 4 89 -1 108 -1 
69 -1 88 -1 89 4 90 -1 109 -1 
70 -1 89 -1 90 4 91 -1 110 -1 
71 -1 90 -1 91 4 92 -1 111 -1 
72 -1 91 -1 92 4 93 -1 112 -1 
73 -1 92 -1 93 4 94 -1 113 -1 
74 -1 93 -1 94 4 95 -1 114 -1 
75 -1 94 -1 95 4 96 -1 115 -1 
76 -1 95 -1 96 4 97 -1 116 -1 
77 -1 96 -1 97 4 98 -1 117 -1 
78 -1 97 -1 98 4 99 -1 118 -1 
79 -1 98 -1 99 3 119 -1 
80 -1 100 3 101 -1 120 -1 
81 -1 100 -1 101 4 102 -1 121 -1 
82 -1 101 -1 102 4 103 -1 122 -1 
83 -1 102 -1 103 4 104 -1 123 -1 
84 -1 103 -1 104 4 105 -1 124 -1 
85 -1 104 -1 105 4 106 -1 125 -1 
86 -1 105 -1 106 4 107 -1 126 -1 
87 -1 106 -1 107 4 108 -1 127 -1 
88 -1 107 -1 108 4 109 -1 128 -1 
89 -1 108 -1 109 4 110 -1 129 -1 
90 -1 109 -1 110 4 111 -1 130 -1 
91 -1 110 -1 111 4 112 -1 131 -1 
92 -1 111 -1 112 4 113 -1 132 -1 
93 -1 112 -1 113 4 114 -1 133 -1 
94 -1 113 -1 114 4 115 -1 134 -1 
95 -1 114 -1 115 4 116 -1 135 -1 
96 -1 115 -1 116 4 117 -1 136 -1 
97 -1 116 -1 117 4 118 -1 137 -1 
98 -1 117 -1 118 4 119 -1 138 -1 
99 -1 118 -1 119 3 139 -1 
100 -1 120 3 121 -1 140 -1 
101 -1 120 -1 121 4 122 -1 141 -1 
102 -1 121 -1 122 4 123 -1 142 -1 
103 -1 122 -1 123 4 124 -1 143 -1 
104 -1 123 -1 124 4 125 -1 144 -1 
105 -1 124 -1 125 4 126 -1 145 -1 
106 -1 125 -1 126 4 127 -1 146 -1 
107 -1 126 -1 127 4 128 -1 147 -1 
108 -1 127 -1 128 4 129 -1 148 -1 
109 -1 128 -1 129 4 130 -1 149 -1 
110 -1 129 -1 130 4 131 -1 150 -1 
111 -1 130 -1 131 4 132 -1 151 -1 
112 -1 131 -1 132 4 133 -1 152 -1 
113 -1 132 -1 133 4 134 -1 153 -1 
114 -1 133 -1 134 4 135 -1 154 -1 
115 -1 134 -1 135 4 136 -1 155 -1 
116 -1 135 -1 136 4 137 -1 156 -1 
117 -1 136 -1 137 4 138 -1 157 -1 
118 -1 137 -1 138 4 139 -1 158 -1 
119 -1 138 -1 139 3 159 -1 
120 -1 140 3 141 -1 160 -1 
121 -1 140 -1 141 4 142 -1 161 -1 
122 -1 141 -1 142 4 143 -1 162 -1 
123 -1 142 -1 143 4 144 -1 163 -1 
124 -1 143 -1 144 4 145 -1 164 -1 
125 -1 144 -1 145 4 146 -1 165 -1 
126 -1 145 -1 146 4 147 -1 166 -1 
127 -1 146 -1 147 4 148 -1 167 -1 
128 -1 147 -1 148 4 149 -1 168 -1 
129 -1 148 -1 149 4 150 -1 169 -1 
130 -1 149 -1 150 4 151 -1 170 -1 
131 -1 150 -1 151 4 152 -1 171 -1 
132 -1 151 -1 152 4 153 -1 172 -1 
133 -1 152 -1 153 4 154 -1 173 -1 
134 -1 153 -1 154 4 155 -1 174 -1 
135 -1 154 -1 155 4 156 -1 175 -1 
136 -1 155 -1 156 4 157 -1 176 -1 
137 -1 156 -1 157 4 158 -1 177 -1 
138 -1 157 -1 158 4 159 -1 178 -1 
139 -1 158 -1 159 3 179 -1 
140 -1 160 3 161 -1 180 -1 
141 -1 160 -1 161 4 162 -1 181 -1 
142 -1 161 -1 162 4 163 -1 182 -1 
143 -1 162 -1 163 4 164 -1 183 -1 
144 -1 163 -1 164 4 165 -1 184 -1 
145 -1 164 -1 165 4 166 -1 185 -1 
146 -1 165 -1 166 4 167 -1 186 -1 
147 -1 166 -1 167 4 168 -1 187 -1 
148 -1 167 -1 168 4 169 -1 188 -1 
149 -1 168 -1 169 4 170 -1 189 -1 
150 -1 169 -1 170 4 171 -1 190 -1 
151 -1 170 -1 171 4 172 -1 191 -1 
152 -1 171 -1 172 4 173 -1 192 -1 
153 -1 172 -1 173 4 174 -1 193 -1 
154 -1 173 -1 174 4 175 -1 194 -1 
155 -1 174 -1 175 4 176 -1 195 -1 
156 -1 175 -1 176 4 177 -1 196 -1 
157 -1 176 -1 177 4 178 -1 197 -1 
158 -1 177 -1 178 4 179 -1 198 -1 
159 -1 178 -1 179 3 199 -1 
160 -1 180 3 181 -1 200 -1 
161 -1 180 -1 181 4 182 -1 201 -1 
162 -1 181 -1 182 4 183 -1 202 -1 
163 -1 182 -1 183 4 184 -1 203 -1 
164 -1 183 -1 184 4 185 -1 204 -1 
165 -1 184 -1 185 4 186 -1 205 -1 
166 -1 185 -1 186 4 187 -1 206 -1 
167 -1 186 -1 187 4 188 -1 207 -1 
168 -1 187 -1 188 4 189 -1 208 -1 
169 -1 188 -1 189 4 190 -1 209 -1 
170 -1 189 -1 190 4 191 -1 210 -1 
171 -1 190 -1 191 4 192 -1 211 -1 
172 -1 191 -1 192 4 193 -1 212 -1 
173 -1 192 -1 193 4 194 -1 213 -1 
174 -1 193 -1 194 4 195 -1 214 -1 
175 -1 194 -1 195 4 196 -1 215 -1 
176 -1 195 -1 196 4 197 -1 216 -1 
177 -1 196 -1 197 4 198 -1 217 -1 
178 -1 197 -1 198 4 199 -1 218 -1 
179 -1 198 -1 199 3 219 -1 
180 -1 200 3 201 -1 220 -1 
181 -1 200 -1 201 4 202 -1 221 -1 
182 -1 201 -1 202 4 203 -1 222 -1 
183 -1 202 -1 203 4 204 -1 223 -1 
184 -1 203 -1 204 4 205 -1 224 -1 
185 -1 204 -1 205 4 206 -1 225 -1 
186 -1 205 -1 206 4 207 -1 226 -1 
207 1
188 -1 207 -1 208 4 209 -1 228 -1 
189 -1 208 -1 209 4 210 -1 229 -1 
190 -1 209 -1 210 4 211 -1 230 -1 
191 -1 210 -1 211 4 212 -1 231 -1 
192 -1 211 -1 212 4 213 -1 232 -1 
193 -1 212 -1 213 4 214 -1 233 -1 
194 -1 213 -1 214 4 215 -1 234 -1 
195 -1 214 -1 215 4 216 -1 235 -1 
196 -1 215 -1 216 4 217 -1 236 -1 
197 -1 216 -1 217 4 218 -1 237 -1 
198 -1 217 -1 218 4 219 -1 238 -1 
199 -1 218 -1 219 3 239 -1 
200 -1 220 3 221 -1 240 -1 
201 -1 220 -1 221 4 222 -1 241 -1 
202 -1 221 -1 222 4 223 -1 242 -1 
203 -1 222 -1 223 4 224 -1 243 -1 
204 -1 223 -1 224 4 225 -1 244 -1 
205 -1 224 -1 225 4 226 -1 245 -1 
206 -1 225 -1 226 4 227 -1 246 -1 
207 -1 226 -1 227 4 228 -1 247 -1 
208 -1 227 -1 228 4 229 -1 248 -1 
209 -1 228 -1 229 4 230 -1 249 -1 
210 -1 229 -1 230 4 231 -1 250 -1 
211 -1 230 -1 231 4 232 -1 251 -1 
212 -1 231 -1 232 4 233 -1 252 -1 
213 -1 232 -1 233 4 234 -1 253 -1 
214 -1 233 -1 234 4 235 -1 254 -1 
215 -1 234 -1 235 4 236 -1 255 -1 
216 -1 235 -1 236 4 237 -1 256 -1 
217 -1 236 -1 237 4 238 -1 257 -1 
218 -1 237 -1 238 4 239 -1 258 -1 
219 -1 238 -1 239 3 259 -1 
220 -1 240 3 241 -1 260 -1 
221 -1 240 -1 241 4 242 -1 261 -1 
222 -1 241 -1 242 4 243 -1 262 -1 
223 -1 242 -1 243 4 244 -1 263 -1 
224 -1 243 -1 244 4 245 -1 264 -1 
225 -1 244 -1 245 4 246 -1 265 -1 
226 -1 245 -1 246 4 247 -1 266 -1 
227 -1 246 -1 247 4 248 -1 267 -1 
228 -1 247 -1 248 4 249 -1 268 -1 
229 -1 248 -1 249 4 250 -1 269 -1 
230 -1 249 -1 250 4 251 -1 270 -1 
231 -1 250 -1 251 4 252 -1 271 -1 
232 -1 251 -1 252 4 253 -1 272 -1 
233 -1 252 -1 253 4 254 -1 273 -1 
234 -1 253 -1 254 4 255 -1 274 -1 
235 -1 254 -1 255 4 256 -1 275 -1 
236 -1 255 -1 256 4 257 -1 276 -1 
237 -1 256 -1 257 4 258 -1 277 -1 
238 -1 257 -1 258 4 259 -1 278 -1 
239 -1 258 -1 259 3 279 -1 
240 -1 260 3 261 -1 280 -1 
241 -1 260 -1 261 4 262 -1 281 -1 
242 -1 261 -1 262 4 263 -1 282 -1 
243 -1 262 -1 263 4 264 -1 283 -1 
244 -1 263 -1 264 4 265 -1 284 -1 
245 -1 264 -1 265 4 266 -1 285 -1 
246 -1 265 -1 266 4 267 -1 286 -1 
247 -1 266 -1 267 4 268 -1 287 -1 
248 -1 267 -1 268 4 269 -1 288 -1 
249 -1 268 -1 269 4 270 -1 289 -1 
250 -1 269 -1 270 4 271 -1 290 -1 
251 -1 270 -1 271 4 272 -1 291 -1 
252 -1 271 -1 272 4 273 -1 292 -1 
253 -1 272 -1 273 4 274 -1 293 -1 
254 -1 273 -1 274 4 275 -1 294 -1 
255 -1 274 -1 275 4 276 -1 295 -1 
256 -1 275 -1 276 4 277 -1 296 -1 
257 -1 276 -1 277 4 278 -1 297 -1 
258 -1 277 -1 278 4 279 -1 298 -1 
259 -1 278 -1 279 3 299 -1 
260 -1 280 3 281 -1 300 -1 
261 -1 280 -1 281 4 282 -1 301 -1 
262 -1 281 -1 282 4 283 -1 302 -1 
263 -1 282 -1 283 4 284 -1 303 -1 
264 -1 283 -1 284 4 285 -1 304 -1 
265 -1 284 -1 285 4 286 -1 305 -1 
266 -1 285 -1 286 4 287 -1 306 -1 
267 -1 286 -1 287 4 288 -1 307 -1 
268 -1 287 -1 288 4 289 -1 308 -1 
269 -1 288 -1 289 4 290 -1 309 -1 
270 -1 289 -1 290 4 291 -1 310 -1 
271 -1 290 -1 291 4 292 -1 311 -1 
272 -1 291 -1 292 4 293 -1 312 -1 
273 -1 292 -1 293 4 294 -1 313 -1 
274 -1 293 -1 294 4 295 -1 314 -1 
275 -1 294 -1 295 4 296 -1 315 -1 
276 -1 295 -1 296 4 297 -1 316 -1 
277 -1 296 -1 297 4 298 -1 317 -1 
278 -1 297 -1 298 4 299 -1 318 -1 
279 -1 298 -1 299 3 319 -1 
280 -1 300 3 301 -1 320 -1 
281 -1 300 -1 301 4 302 -1 321 -1 
282 -1 301 -1 302 4 303 -1 322 -1 
283 -1 302 -1 303 4 304 -1 323 -1 
284 -1 303 -1 304 4 305 -1 324 -1 
285 -1 304 -1 305 4 306 -1 325 -1 
286 -1 305 -1 306 4 307 -1 326 -1 
287 -1 306 -1 307 4 308 -1 327 -1 
288 -1 307 -1 308 4 309 -1 328 -1 
289 -1 308 -1 309 4 310 -1 329 -1 
290 -1 309 -1 310 4 311 -1 330 -1 
291 -1 310 -1 311 4 312 -1 331 -1 
292 -1 311 -1 312 4 313 -1 332 -1 
293 -1 312 -1 313 4 314 -1 333 -1 
294 -1 313 -1 314 4 315 -1 334 -1 
295 -1 314 -1 315 4 316 -1 335 -1 
296 -1 315 -1 316 4 317 -1 336 -1 
297 -1 316 -1 317 4 318 -1 337 -1 
298 -1 317 -1 318 4 319 -1 338 -1 
299 -1 318 -1 319 3 339 -1 
300 -1 320 3 321 -1 340 -1 
301 -1 320 -1 321 4 322 -1 341 -1 
302 -1 321 -1 322 4 323 -1 342 -1 
303 -1 322 -1 323 4 324 -1 343 -1 
304 -1 323 -1 324 4 325 -1 344 -1 
305 -1 324 -1 325 4 326 -1 345 -1 
306 -1 325 -1 326 4 327 -1 346 -1 
307 -1 326 -1 327 4 328 -1 347 -1 
308 -1 327 -1 328 4 329 -1 348 -1 
309 -1 328 -1 329 4 330 -1 349 -1 
310 -1 329 -1 330 4 331 -1 350 -1 
311 -1 330 -1 331 4 332 -1 351 -1 
312 -1 331 -1 332 4 333 -1 352 -1 
313 -1 332 -1 333 4 334 -1 353 -1 
314 -1 333 -1 334 4 335 -1 354 -1 
315 -1 334 -1 335 4 336 -1 355 -1 
316 -1 335 -1 336 4 337 -1 356 -1 
317 -1 336 -1 337 4 338 -1 357 -1 
318 -1 337 -1 338 4 339 -1 358 -1 
319 -1 338 -1 339 3 359 -1 
320 -1 340 3 341 -1 360 -1 
341 1
342 1
323 -1 342 -1 343 4 344 -1 363 -1 
324 -1 343 -1 344 4 345 -1 364 -1 
325 -1 344 -1 345 4 346 -1 365 -1 
326 -1 345 -1 346 4 347 -1 366 -1 
327 -1 346 -1 347 4 348 -1 367 -1 
328 -1 347 -1 348 4 349 -1 368 -1 
329 -1 348 -1 349 4 350 -1 369 -1 
330 -1 349 -1 350 4 351 -1 370 -1 
331 -1 350 -1 351 4 352 -1 371 -1 
332 -1 351 -1 352 4 353 -1 372 -1 
333 -1 352 -1 353 4 354 -1 373 -1 
334 -1 353 -1 354 4 355 -1 374 -1 
335 -1 354 -1 355 4 356 -1 375 -1 
336 -1 355 -1 356 4 357 -1 376 -1 
337 -1 356 -1 357 4 358 -1 377 -1 
338 -1 357 -1 358 4 359 -1 378 -1 
339 -1 358 -1 359 3 379 -1 
340 -1 360 3 361 -1 380 -1 
341 -1 360 -1 361 4 362 -1 381 -1 
342 -1 361 -1 362 4 363 -1 382 -1 
343 -1 362 -1 363 4 364 -1 383 -1 
344 -1 363 -1 364 4 365 -1 384 -1 
345 -1 364 -1 365 4 366 -1 385 -1 
346 -1 365 -1 366 4 367 -1 386 -1 
347 -1 366 -1 367 4 368 -1 387 -1 
348 -1 367 -1 368 4 369 -1 388 -1 
349 -1 368 -1 369 4 370 -1 389 -1 
350 -1 369 -1 370 4 371 -1 390 -1 
351 -1 370 -1 371 4 372 -1 391 -1 
352 -1 371 -1 372 4 373 -1 392 -1 
353 -1 372 -1 373 4 374 -1 393 -1 
354 -1 373 -1 374 4 375 -1 394 -1 
355 -1 374 -1 375 4 376 -1 395 -1 
356 -1 375 -1 376 4 377 -1 396 -1 
357 -1 376 -1 377 4 378 -1 397 -1 
378 1
379 1
360 -1 380 2 381 -1 
361 -1 380 -1 381 3 382 -1 
362 -1 381 -1 382 3 383 -1 
363 -1 382 -1 383 3 384 -1 
364 -1 383 -1 384 3 385 -1 
365 -1 384 -1 385 3 386 -1 
366 -1 385 -1 386 3 387 -1 
367 -1 386 -1 387 3 388 -1 
368 -1 387 -1 388 3 389 -1 
369 -1 388 -1 389 3 390 -1 
370 -1 389 -1 390 3 391 -1 
371 -1 390 -1 391 3 392 -1 
372 -1 391 -1 392 3 393 -1 
373 -1 392 -1 393 3 394 -1 
374 -1 393 -1 394 3 395 -1 
375 -1 394 -1 395 3 396 -1 
376 -1 395 -1 396 3 397 -1 
377 -1 396 -1 397 3 398 -1 
398 1
399 1
255
0
0
0
0
0
0
0
0
0
0
0
0
0
0
0
0
0
150
150
0
0
0
0
0
0
0
0
0
0
0
0
0
0
0
0
0
0
150
150
0
0
0
0
0
0
0
0
0
0
0
0
0
0
0
0
0
0
0
0
0
0
0
0
0
0
0
0
0
0
0
0
0
0
0
0
0
0
0
0
0
0
0
0
0
0
0
0
0
0
0
0
0
0
0
0
0
0
0
0
0
0
0
0
0
0
0
0
0
0
0
0
0
0
0
0
0
0
0
0
0
0
0
0
0
0
0
0
0
0
0
0
0
0
0
0
0
0
0
0
0
0
0
0
0
0
0
0
0
0
0
0
0
0
0
0
0
0
0
0
0
0
0
0
0
0
0
0
0
0
0
0
0
0
0
0
0
0
0
0
0
0
0
0
0
0
0
0
0
0
0
0
0
0
0
0
0
0
0
0
0
0
0
0
0
0
0
24
0
0
0
0
0
0
0
0
0
0
0
0
0
0
0
0
0
0
0
0
0
0
0
0
0
0
0
0
0
0
0
0
0
0
0
0
0
0
0
0
0
0
0
0
0
0
0
0
0
0
0
0
0
0
0
0
0
0
0
0
0
0
0
0
0
0
0
0
0
0
0
0
0
0
0
0
0
0
0
0
0
0
0
0
0
0
0
0
0
0
0
0
0
0
0
0
0
0
0
0
0
0
0
0
0
0
0
0
0
0
0
0
0
0
0
0
0
0
0
0
0
0
0
0
0
0
0
0
0
0
0
0
0
52
52
0
0
0
0
0
0
0
0
0
0
0
0
0
0
0
0
0
0
0
0
0
0
0
0
0
0
0
0
0
0
0
0
0
0
0
49
49
0
0
0
0
0
0
0
0
0
0
0
0
0
0
0
0
0
0
49
49
